raw/disc/disc_acc_gen,raw/disc/disc_loss,raw/disc/global_step,raw/disc/n_generated,raw/disc/disc_proportion_expert_true,raw/disc/disc_acc_expert,raw/disc/disc_acc,raw/disc/disc_entropy,raw/disc/n_expert,raw/disc/disc_proportion_expert_pred
1.0,1.0868898243643343e-06,29858,32.0,0.5,1.0,1.0,0.0,32.0,0.5
1.0,1.9215797237848165e-06,29858,32.0,0.5,1.0,1.0,0.0,32.0,0.5
1.0,-9.421353297511814e-07,29859,32.0,0.5,1.0,1.0,0.0,32.0,0.5
1.0,-1.2517971299530473e-06,29859,32.0,0.5,1.0,1.0,0.0,32.0,0.5
1.0,1.8104664150087046e-06,29860,32.0,0.5,1.0,1.0,3.781954519076387e-10,32.0,0.5
1.0,1.1137660749227507e-06,29860,32.0,0.5,1.0,1.0,0.0,32.0,0.5
1.0,-9.955047630683111e-08,29861,32.0,0.5,1.0,1.0,0.0,32.0,0.5
1.0,1.1668271326925606e-06,29861,32.0,0.5,1.0,1.0,0.0,32.0,0.5
1.0,2.235156841834396e-07,29862,32.0,0.5,1.0,1.0,0.0,32.0,0.5
1.0,1.8817677300830837e-06,29862,32.0,0.5,1.0,1.0,0.0,32.0,0.5
1.0,1.3479360632118187e-06,29863,32.0,0.5,1.0,1.0,0.0,32.0,0.5
1.0,0.003201363142579794,29863,32.0,0.5,1.0,1.0,0.007489811514890447,32.0,0.5
1.0,6.909937155796797e-08,29864,32.0,0.5,1.0,1.0,0.0,32.0,0.5
1.0,7.243684194691014e-07,29864,32.0,0.5,1.0,1.0,0.0,32.0,0.5
1.0,-6.925366733412375e-07,29865,32.0,0.5,1.0,1.0,0.0,32.0,0.5
1.0,1.9624189917522017e-06,29865,32.0,0.5,1.0,1.0,0.0,32.0,0.5
1.0,0.0025380831211805344,29866,32.0,0.5,1.0,1.0,0.00855640356937973,32.0,0.5
1.0,-5.037765617998957e-07,29866,32.0,0.5,1.0,1.0,3.2717336141509242e-09,32.0,0.5
1.0,-2.7168903216079343e-06,29867,32.0,0.5,1.0,1.0,2.526330276709763e-16,32.0,0.5
1.0,-8.487809282087255e-07,29867,32.0,0.5,1.0,1.0,0.0,32.0,0.5
1.0,-1.1300239748379681e-06,29868,32.0,0.5,1.0,1.0,0.0,32.0,0.5
1.0,6.02956788497977e-07,29868,32.0,0.5,1.0,1.0,0.0,32.0,0.5
1.0,2.971813160002057e-07,29869,32.0,0.5,1.0,1.0,1.5337418224306356e-08,32.0,0.5
1.0,0.00039418984670192003,29869,32.0,0.5,1.0,1.0,0.0018275654181434267,32.0,0.5
1.0,9.409606605004228e-07,29870,32.0,0.5,1.0,1.0,0.0,32.0,0.5
1.0,7.469575962204544e-07,29870,32.0,0.5,1.0,1.0,2.3966480684850463e-12,32.0,0.5
1.0,9.147298669631709e-07,29871,32.0,0.5,1.0,1.0,2.9678012494113684e-13,32.0,0.5
1.0,8.681337817506574e-07,29871,32.0,0.5,1.0,1.0,0.0,32.0,0.5
1.0,0.006391946692019701,29872,32.0,0.5,1.0,1.0,0.009986318972897052,32.0,0.5
1.0,1.28704994040163e-06,29872,32.0,0.5,1.0,1.0,2.1319639816537447e-08,32.0,0.5
1.0,-6.953795264053042e-07,29873,32.0,0.5,1.0,1.0,2.541960117252893e-16,32.0,0.5
1.0,2.756405820036889e-06,29873,32.0,0.5,1.0,1.0,0.0,32.0,0.5
1.0,-1.5457736708412995e-06,29874,32.0,0.5,1.0,1.0,0.0,32.0,0.5
1.0,3.602624474297045e-07,29874,32.0,0.5,1.0,1.0,6.931388379800007e-10,32.0,0.5
1.0,-1.358535882900469e-06,29875,32.0,0.5,1.0,1.0,2.6230730233674873e-11,32.0,0.5
1.0,1.3605629192170454e-06,29875,32.0,0.5,1.0,1.0,2.065558058933291e-08,32.0,0.5
1.0,-9.02288093129755e-07,29876,32.0,0.5,1.0,1.0,1.0973194874156244e-11,32.0,0.5
1.0,1.3421910693978134e-07,29876,32.0,0.5,1.0,1.0,2.491001020254411e-15,32.0,0.5
1.0,1.6601195511611877e-06,29877,32.0,0.5,1.0,1.0,1.438417319095476e-13,32.0,0.5
1.0,1.9179765331500676e-06,29877,32.0,0.5,1.0,1.0,3.0086569993043216e-13,32.0,0.5
1.0,-5.396946107794065e-07,29878,32.0,0.5,1.0,1.0,0.0,32.0,0.5
1.0,1.5554693391095498e-06,29878,32.0,0.5,1.0,1.0,0.0,32.0,0.5
1.0,-1.6934751556618721e-06,29879,32.0,0.5,1.0,1.0,0.0,32.0,0.5
1.0,-2.252879312436562e-06,29879,32.0,0.5,1.0,1.0,0.0,32.0,0.5
1.0,9.814716577238869e-07,29880,32.0,0.5,1.0,1.0,0.0,32.0,0.5
1.0,-1.202076759909687e-06,29880,32.0,0.5,1.0,1.0,0.0,32.0,0.5
1.0,-1.764395165082533e-06,29881,32.0,0.5,1.0,1.0,0.0,32.0,0.5
1.0,2.631367692629283e-07,29881,32.0,0.5,1.0,1.0,0.0,32.0,0.5
1.0,-1.6786343621788546e-06,29882,32.0,0.5,1.0,1.0,0.0,32.0,0.5
1.0,1.1696641877279035e-07,29882,32.0,0.5,1.0,1.0,0.0,32.0,0.5
1.0,2.7972646421403624e-08,29883,32.0,0.5,1.0,1.0,0.0,32.0,0.5
1.0,-1.5068650327521027e-07,29883,32.0,0.5,1.0,1.0,0.0,32.0,0.5
1.0,-5.379579306463711e-07,29884,32.0,0.5,1.0,1.0,0.0,32.0,0.5
1.0,-1.722283286653692e-06,29884,32.0,0.5,1.0,1.0,0.0,32.0,0.5
1.0,1.2575311529872124e-06,29885,32.0,0.5,1.0,1.0,0.0,32.0,0.5
1.0,-1.2114001037843991e-06,29885,32.0,0.5,1.0,1.0,0.0,32.0,0.5
1.0,-1.7203164759393985e-07,29886,32.0,0.5,1.0,1.0,0.0,32.0,0.5
1.0,-5.331508532435691e-07,29886,32.0,0.5,1.0,1.0,0.0,32.0,0.5
1.0,-2.099190623994218e-06,29887,32.0,0.5,1.0,1.0,0.0,32.0,0.5
1.0,-1.3396635267781676e-06,29887,32.0,0.5,1.0,1.0,0.0,32.0,0.5
1.0,1.593272259015066e-06,29888,32.0,0.5,1.0,1.0,0.0,32.0,0.5
1.0,1.8744975704976241e-06,29888,32.0,0.5,1.0,1.0,0.0,32.0,0.5
1.0,-1.1043516678910237e-06,29889,32.0,0.5,1.0,1.0,0.0,32.0,0.5
1.0,5.294592142490728e-07,29889,32.0,0.5,1.0,1.0,0.0,32.0,0.5
1.0,9.265842209060793e-07,29890,32.0,0.5,1.0,1.0,1.2927585458547485e-16,32.0,0.5
1.0,1.0956647429338773e-06,29890,32.0,0.5,1.0,1.0,2.589646377327362e-16,32.0,0.5
1.0,1.4387045439434587e-06,29891,32.0,0.5,1.0,1.0,0.0,32.0,0.5
1.0,-1.4096359564064187e-06,29891,32.0,0.5,1.0,1.0,0.0,32.0,0.5
1.0,9.873569979390595e-07,29892,32.0,0.5,1.0,1.0,0.0,32.0,0.5
1.0,-2.7201226657780353e-06,29892,32.0,0.5,1.0,1.0,0.0,32.0,0.5
1.0,6.797503715461062e-07,29893,32.0,0.5,1.0,1.0,1.5545832173528632e-15,32.0,0.5
1.0,1.4910640402376885e-06,29893,32.0,0.5,1.0,1.0,3.1120239003532887e-15,32.0,0.5
1.0,-6.746156486769905e-07,29894,32.0,0.5,1.0,1.0,0.0,32.0,0.5
1.0,-1.045295107360289e-06,29894,32.0,0.5,1.0,1.0,0.0,32.0,0.5
1.0,-1.708921445242595e-06,29895,32.0,0.5,1.0,1.0,0.0,32.0,0.5
1.0,-1.0830484598045587e-07,29895,32.0,0.5,1.0,1.0,0.0,32.0,0.5
1.0,1.3943173371444573e-07,29896,32.0,0.5,1.0,1.0,0.0,32.0,0.5
1.0,6.098625817685388e-07,29896,32.0,0.5,1.0,1.0,0.0,32.0,0.5
1.0,5.704022782992979e-07,29897,32.0,0.5,1.0,1.0,0.0,32.0,0.5
1.0,-8.802970228316553e-07,29897,32.0,0.5,1.0,1.0,0.0,32.0,0.5
1.0,-7.349911470555526e-07,29898,32.0,0.5,1.0,1.0,0.0,32.0,0.5
1.0,-2.642426579768653e-07,29898,32.0,0.5,1.0,1.0,0.0,32.0,0.5
1.0,-1.504499550719629e-06,29899,32.0,0.5,1.0,1.0,2.5516124864918117e-16,32.0,0.5
1.0,-1.5759028428874444e-06,29899,32.0,0.5,1.0,1.0,2.5519960179313996e-16,32.0,0.5
1.0,5.909568017159472e-07,29900,32.0,0.5,1.0,1.0,0.0,32.0,0.5
1.0,5.137798098076019e-07,29900,32.0,0.5,1.0,1.0,0.0,32.0,0.5
1.0,1.0754763479781104e-07,29901,32.0,0.5,1.0,1.0,0.0,32.0,0.5
1.0,-1.7741365354595473e-07,29901,32.0,0.5,1.0,1.0,0.0,32.0,0.5
1.0,-8.174852155207191e-07,29902,32.0,0.5,1.0,1.0,0.0,32.0,0.5
1.0,-3.468470595180406e-07,29902,32.0,0.5,1.0,1.0,5.0276491846026205e-16,32.0,0.5
1.0,3.4612128274602583e-07,29903,32.0,0.5,1.0,1.0,1.251242543633962e-13,32.0,0.5
1.0,2.6436796360940207e-06,29903,32.0,0.5,1.0,1.0,0.0,32.0,0.5
1.0,-1.104908960769535e-06,29904,32.0,0.5,1.0,1.0,0.0,32.0,0.5
1.0,2.1626799480145564e-06,29904,32.0,0.5,1.0,1.0,0.0,32.0,0.5
1.0,-1.0626511084410595e-06,29905,32.0,0.5,1.0,1.0,6.462508699121316e-16,32.0,0.5
1.0,7.699606499045331e-07,29905,32.0,0.5,1.0,1.0,8.904225904164323e-11,32.0,0.5
1.0,-4.109895712645084e-07,29906,32.0,0.5,1.0,1.0,4.64022165144878e-14,32.0,0.5
1.0,-1.6665626390022226e-07,29906,32.0,0.5,1.0,1.0,0.0,32.0,0.5
1.0,1.4897807432134869e-06,29907,32.0,0.5,1.0,1.0,1.3813256094508051e-13,32.0,0.5
1.0,-7.156989454415452e-07,29907,32.0,0.5,1.0,1.0,0.0,32.0,0.5
1.0,-2.265455350425327e-06,29908,32.0,0.5,1.0,1.0,0.0,32.0,0.5
1.0,-1.2826077409044956e-06,29908,32.0,0.5,1.0,1.0,0.0,32.0,0.5
1.0,6.147404860712413e-07,29909,32.0,0.5,1.0,1.0,0.0,32.0,0.5
1.0,2.0280958779039793e-06,29909,32.0,0.5,1.0,1.0,9.918397851409063e-16,32.0,0.5
1.0,-3.317886125842051e-07,29910,32.0,0.5,1.0,1.0,0.0,32.0,0.5
1.0,6.811251296312548e-07,29910,32.0,0.5,1.0,1.0,0.0,32.0,0.5
1.0,-4.5450599372998113e-07,29911,32.0,0.5,1.0,1.0,0.0,32.0,0.5
1.0,1.5159313306867261e-06,29911,32.0,0.5,1.0,1.0,0.0,32.0,0.5
1.0,-5.540809411286318e-07,29912,32.0,0.5,1.0,1.0,0.0,32.0,0.5
1.0,1.1217434803256765e-07,29912,32.0,0.5,1.0,1.0,0.0,32.0,0.5
1.0,3.708894666942797e-07,29913,32.0,0.5,1.0,1.0,0.0,32.0,0.5
1.0,-1.571246684761718e-06,29913,32.0,0.5,1.0,1.0,0.0,32.0,0.5
1.0,-2.8667494689216255e-07,29914,32.0,0.5,1.0,1.0,2.155288377002999e-15,32.0,0.5
1.0,-1.0106152785738232e-06,29914,32.0,0.5,1.0,1.0,2.408200264460467e-15,32.0,0.5
1.0,-5.91626246659871e-07,29915,32.0,0.5,1.0,1.0,0.0,32.0,0.5
1.0,-1.9650187823572196e-06,29915,32.0,0.5,1.0,1.0,0.0,32.0,0.5
1.0,2.8700222287625365e-07,29916,32.0,0.5,1.0,1.0,0.0,32.0,0.5
1.0,-9.716252407088177e-07,29916,32.0,0.5,1.0,1.0,0.0,32.0,0.5
1.0,-2.1571972865785938e-06,29917,32.0,0.5,1.0,1.0,0.0,32.0,0.5
1.0,-2.0939901332894806e-06,29917,32.0,0.5,1.0,1.0,5.538476942205622e-11,32.0,0.5
1.0,-2.0043148651893716e-06,29918,32.0,0.5,1.0,1.0,6.4028812880471e-12,32.0,0.5
1.0,1.2751889926221338e-06,29918,32.0,0.5,1.0,1.0,0.0,32.0,0.5
1.0,1.1269067954344791e-06,29919,32.0,0.5,1.0,1.0,0.0,32.0,0.5
1.0,1.5083032849361189e-06,29919,32.0,0.5,1.0,1.0,0.0,32.0,0.5
1.0,1.6131365327964886e-06,29920,32.0,0.5,1.0,1.0,3.379610264927863e-09,32.0,0.5
1.0,-3.033364066595823e-07,29920,32.0,0.5,1.0,1.0,3.379610264927863e-09,32.0,0.5
1.0,1.044280224959948e-06,29921,32.0,0.5,1.0,1.0,0.0,32.0,0.5
1.0,1.9216663531551603e-06,29921,32.0,0.5,1.0,1.0,6.146165243622544e-16,32.0,0.5
1.0,1.5878364365562447e-06,29922,32.0,0.5,1.0,1.0,0.0,32.0,0.5
1.0,2.0548031898215413e-06,29922,32.0,0.5,1.0,1.0,0.0,32.0,0.5
1.0,-9.206735285260947e-08,29923,32.0,0.5,1.0,1.0,0.0,32.0,0.5
1.0,1.5458889492947492e-06,29923,32.0,0.5,1.0,1.0,0.0,32.0,0.5
1.0,7.192262501121149e-07,29924,32.0,0.5,1.0,1.0,0.0,32.0,0.5
1.0,-2.792901341308607e-07,29924,32.0,0.5,1.0,1.0,0.0,32.0,0.5
1.0,-1.088398903448251e-06,29925,32.0,0.5,1.0,1.0,0.0,32.0,0.5
1.0,-2.724583509916556e-07,29925,32.0,0.5,1.0,1.0,0.0,32.0,0.5
1.0,8.215087632379436e-08,29926,32.0,0.5,1.0,1.0,1.2995586075759105e-16,32.0,0.5
1.0,2.985303581226617e-06,29926,32.0,0.5,1.0,1.0,2.599117215151821e-16,32.0,0.5
1.0,2.0515612959570717e-06,29927,32.0,0.5,1.0,1.0,1.2912940228753649e-16,32.0,0.5
1.0,-3.5340713111509103e-07,29927,32.0,0.5,1.0,1.0,0.0,32.0,0.5
1.0,1.3068296311757877e-07,29928,32.0,0.5,1.0,1.0,0.0,32.0,0.5
1.0,3.999424507128424e-07,29928,32.0,0.5,1.0,1.0,0.0,32.0,0.5
1.0,-2.5758447463886114e-07,29929,32.0,0.5,1.0,1.0,0.0,32.0,0.5
1.0,1.2197269825264812e-06,29929,32.0,0.5,1.0,1.0,3.13033811275161e-11,32.0,0.5
1.0,1.8620050923345843e-07,29930,32.0,0.5,1.0,1.0,0.0,32.0,0.5
1.0,1.2173768482171e-07,29930,32.0,0.5,1.0,1.0,0.0,32.0,0.5
1.0,-3.210503507489193e-07,29931,32.0,0.5,1.0,1.0,0.0,32.0,0.5
1.0,-2.594775878606015e-07,29931,32.0,0.5,1.0,1.0,0.0,32.0,0.5
1.0,6.474418796642567e-07,29932,32.0,0.5,1.0,1.0,0.0,32.0,0.5
1.0,1.1355970173099195e-06,29932,32.0,0.5,1.0,1.0,0.0,32.0,0.5
1.0,6.051873242540751e-07,29933,32.0,0.5,1.0,1.0,1.3222481832134782e-15,32.0,0.5
1.0,-1.3394512734521413e-06,29933,32.0,0.5,1.0,1.0,0.0,32.0,0.5
1.0,1.4166604955789808e-07,29934,32.0,0.5,1.0,1.0,0.0,32.0,0.5
1.0,3.284738170350465e-07,29934,32.0,0.5,1.0,1.0,0.0,32.0,0.5
1.0,-5.771021847067459e-07,29935,32.0,0.5,1.0,1.0,3.0972591766595794e-08,32.0,0.5
1.0,5.520166723727016e-07,29935,32.0,0.5,1.0,1.0,0.0,32.0,0.5
1.0,-6.459185328822059e-07,29936,32.0,0.5,1.0,1.0,0.0,32.0,0.5
1.0,1.4782679045310942e-06,29936,32.0,0.5,1.0,1.0,0.0,32.0,0.5
1.0,-1.2336256531852996e-06,29937,32.0,0.5,1.0,1.0,0.0,32.0,0.5
1.0,-5.28017153555993e-07,29937,32.0,0.5,1.0,1.0,0.0,32.0,0.5
1.0,7.394934300464229e-07,29938,32.0,0.5,1.0,1.0,0.0,32.0,0.5
1.0,1.2950148402524064e-06,29938,32.0,0.5,1.0,1.0,0.0,32.0,0.5
1.0,-4.2523646470726817e-07,29939,32.0,0.5,1.0,1.0,0.0,32.0,0.5
1.0,1.2258958577149315e-06,29939,32.0,0.5,1.0,1.0,0.0,32.0,0.5
1.0,-1.0173047257922008e-06,29940,32.0,0.5,1.0,1.0,0.0,32.0,0.5
1.0,-1.1917752544832183e-06,29940,32.0,0.5,1.0,1.0,0.0,32.0,0.5
1.0,1.916412202263018e-07,29941,32.0,0.5,1.0,1.0,0.0,32.0,0.5
1.0,-1.166459014712018e-06,29941,32.0,0.5,1.0,1.0,0.0,32.0,0.5
1.0,-2.3910467916721245e-07,29942,32.0,0.5,1.0,1.0,1.306154205601772e-16,32.0,0.5
1.0,-8.491138601129933e-07,29942,32.0,0.5,1.0,1.0,1.306154205601772e-16,32.0,0.5
1.0,-6.73458089295309e-08,29943,32.0,0.5,1.0,1.0,0.0,32.0,0.5
1.0,-2.029454662988428e-06,29943,32.0,0.5,1.0,1.0,0.0,32.0,0.5
1.0,-5.353293204279908e-07,29944,32.0,0.5,1.0,1.0,0.0,32.0,0.5
1.0,1.3015471722610528e-06,29944,32.0,0.5,1.0,1.0,0.0,32.0,0.5
1.0,-1.3839579082741693e-07,29945,32.0,0.5,1.0,1.0,0.0,32.0,0.5
1.0,9.560009175402229e-07,29945,32.0,0.5,1.0,1.0,0.0,32.0,0.5
1.0,-1.4380650554812746e-06,29946,32.0,0.5,1.0,1.0,0.0,32.0,0.5
1.0,1.3936218579146953e-07,29946,32.0,0.5,1.0,1.0,0.0,32.0,0.5
1.0,-1.9018384591618087e-06,29947,32.0,0.5,1.0,1.0,0.0,32.0,0.5
1.0,4.641576083486143e-07,29947,32.0,0.5,1.0,1.0,0.0,32.0,0.5
1.0,1.5789780718478141e-06,29948,32.0,0.5,1.0,1.0,0.0,32.0,0.5
1.0,-1.40722431751783e-06,29948,32.0,0.5,1.0,1.0,0.0,32.0,0.5
1.0,1.2939733551320387e-06,29949,32.0,0.5,1.0,1.0,0.0,32.0,0.5
1.0,-1.6310974615407758e-07,29949,32.0,0.5,1.0,1.0,0.0,32.0,0.5
1.0,-5.267098686090321e-07,29950,32.0,0.5,1.0,1.0,0.0,32.0,0.5
1.0,-1.03032016340876e-06,29950,32.0,0.5,1.0,1.0,0.0,32.0,0.5
1.0,-8.877267418938573e-07,29951,32.0,0.5,1.0,1.0,0.0,32.0,0.5
1.0,1.3564404071075842e-06,29951,32.0,0.5,1.0,1.0,0.0,32.0,0.5
1.0,-2.6112616069440264e-08,29952,32.0,0.5,1.0,1.0,0.0,32.0,0.5
1.0,-2.688758286240045e-06,29952,32.0,0.5,1.0,1.0,0.0,32.0,0.5
1.0,-8.355568752449472e-07,29953,32.0,0.5,1.0,1.0,0.0,32.0,0.5
1.0,1.2622435860976111e-06,29953,32.0,0.5,1.0,1.0,0.0,32.0,0.5
1.0,1.6742386605983484e-06,29954,32.0,0.5,1.0,1.0,0.0,32.0,0.5
1.0,1.2049703173033777e-06,29954,32.0,0.5,1.0,1.0,0.0,32.0,0.5
1.0,2.851076317256229e-07,29955,32.0,0.5,1.0,1.0,0.0,32.0,0.5
1.0,-5.207499498283141e-07,29955,32.0,0.5,1.0,1.0,0.0,32.0,0.5
1.0,1.6784196077423985e-07,29956,32.0,0.5,1.0,1.0,0.0,32.0,0.5
1.0,8.114398042380344e-08,29956,32.0,0.5,1.0,1.0,0.0,32.0,0.5
1.0,1.5568485878247884e-06,29957,32.0,0.5,1.0,1.0,0.0,32.0,0.5
1.0,-1.090149226001813e-06,29957,32.0,0.5,1.0,1.0,0.0,32.0,0.5
1.0,9.725737015742197e-08,29958,32.0,0.5,1.0,1.0,0.0,32.0,0.5
1.0,-3.629767775237269e-07,29958,32.0,0.5,1.0,1.0,0.0,32.0,0.5
1.0,7.915239166322863e-07,29959,32.0,0.5,1.0,1.0,0.0,32.0,0.5
1.0,5.517881049854623e-07,29959,32.0,0.5,1.0,1.0,0.0,32.0,0.5
1.0,7.635069323441712e-07,29960,32.0,0.5,1.0,1.0,0.0,32.0,0.5
1.0,-3.267549004704051e-07,29960,32.0,0.5,1.0,1.0,0.0,32.0,0.5
1.0,8.153507451424957e-07,29961,32.0,0.5,1.0,1.0,0.0,32.0,0.5
1.0,5.3144475486988085e-08,29961,32.0,0.5,1.0,1.0,0.0,32.0,0.5
1.0,-2.462944621584029e-06,29962,32.0,0.5,1.0,1.0,0.0,32.0,0.5
1.0,-1.2449428368199733e-06,29962,32.0,0.5,1.0,1.0,0.0,32.0,0.5
1.0,-8.409281235799426e-07,29963,32.0,0.5,1.0,1.0,0.0,32.0,0.5
1.0,-1.8742508700597682e-06,29963,32.0,0.5,1.0,1.0,0.0,32.0,0.5
1.0,-9.714872248878237e-07,29964,32.0,0.5,1.0,1.0,0.0,32.0,0.5
1.0,-8.514845148965833e-07,29964,32.0,0.5,1.0,1.0,0.0,32.0,0.5
1.0,3.1494670338361175e-07,29965,32.0,0.5,1.0,1.0,0.0,32.0,0.5
1.0,-4.6854597712808754e-07,29965,32.0,0.5,1.0,1.0,0.0,32.0,0.5
1.0,-1.6617739220237127e-06,29966,32.0,0.5,1.0,1.0,0.0,32.0,0.5
1.0,-4.894881726613676e-07,29966,32.0,0.5,1.0,1.0,0.0,32.0,0.5
1.0,-2.1985889020470495e-07,29967,32.0,0.5,1.0,1.0,0.0,32.0,0.5
1.0,7.98372184362961e-07,29967,32.0,0.5,1.0,1.0,0.0,32.0,0.5
1.0,-3.1739617156745226e-07,29968,32.0,0.5,1.0,1.0,0.0,32.0,0.5
1.0,7.912376531749032e-08,29968,32.0,0.5,1.0,1.0,0.0,32.0,0.5
1.0,5.535763420994044e-07,29969,32.0,0.5,1.0,1.0,0.0,32.0,0.5
1.0,3.189955464222294e-07,29969,32.0,0.5,1.0,1.0,0.0,32.0,0.5
1.0,1.0759792985481909e-06,29970,32.0,0.5,1.0,1.0,0.0,32.0,0.5
1.0,1.8662872207642067e-06,29970,32.0,0.5,1.0,1.0,0.0,32.0,0.5
1.0,-2.3611451638316794e-07,29971,32.0,0.5,1.0,1.0,0.0,32.0,0.5
1.0,4.788911951436603e-07,29971,32.0,0.5,1.0,1.0,0.0,32.0,0.5
1.0,9.218296099788859e-07,29972,32.0,0.5,1.0,1.0,0.0,32.0,0.5
1.0,2.464637702814798e-07,29972,32.0,0.5,1.0,1.0,0.0,32.0,0.5
1.0,1.4569598079106072e-06,29973,32.0,0.5,1.0,1.0,0.0,32.0,0.5
1.0,8.674902005623153e-07,29973,32.0,0.5,1.0,1.0,0.0,32.0,0.5
1.0,-2.0453617253224365e-06,29974,32.0,0.5,1.0,1.0,0.0,32.0,0.5
1.0,2.235675822248595e-07,29974,32.0,0.5,1.0,1.0,0.0,32.0,0.5
1.0,-1.6588516018600785e-06,29975,32.0,0.5,1.0,1.0,0.0,32.0,0.5
1.0,1.602698148417403e-06,29975,32.0,0.5,1.0,1.0,0.0,32.0,0.5
1.0,6.984362244111253e-07,29976,32.0,0.5,1.0,1.0,0.0,32.0,0.5
1.0,7.422190719807986e-07,29976,32.0,0.5,1.0,1.0,0.0,32.0,0.5
1.0,-3.0311855425679823e-07,29977,32.0,0.5,1.0,1.0,0.0,32.0,0.5
1.0,2.1581456621788675e-06,29977,32.0,0.5,1.0,1.0,0.0,32.0,0.5
1.0,-7.960384778016305e-07,29978,32.0,0.5,1.0,1.0,0.0,32.0,0.5
1.0,8.646260880595946e-07,29978,32.0,0.5,1.0,1.0,0.0,32.0,0.5
1.0,-2.610404123970511e-07,29979,32.0,0.5,1.0,1.0,0.0,32.0,0.5
1.0,-1.3380458767642267e-06,29979,32.0,0.5,1.0,1.0,0.0,32.0,0.5
1.0,1.284829522774089e-07,29980,32.0,0.5,1.0,1.0,0.0,32.0,0.5
1.0,1.706451939753606e-07,29980,32.0,0.5,1.0,1.0,0.0,32.0,0.5
1.0,-9.09019831851765e-07,29981,32.0,0.5,1.0,1.0,0.0,32.0,0.5
1.0,1.8320926642445556e-07,29981,32.0,0.5,1.0,1.0,0.0,32.0,0.5
1.0,-2.1292805740813492e-07,29982,32.0,0.5,1.0,1.0,0.0,32.0,0.5
1.0,4.088535376922664e-07,29982,32.0,0.5,1.0,1.0,0.0,32.0,0.5
1.0,3.642093702183047e-07,29983,32.0,0.5,1.0,1.0,0.0,32.0,0.5
1.0,1.1194974831596483e-06,29983,32.0,0.5,1.0,1.0,0.0,32.0,0.5
1.0,-1.2895336567453342e-06,29984,32.0,0.5,1.0,1.0,0.0,32.0,0.5
1.0,3.3214462291653035e-08,29984,32.0,0.5,1.0,1.0,0.0,32.0,0.5
1.0,1.8099785847880412e-07,29985,32.0,0.5,1.0,1.0,0.0,32.0,0.5
1.0,8.014772561182326e-07,29985,32.0,0.5,1.0,1.0,0.0,32.0,0.5
1.0,-3.916778723578318e-07,29986,32.0,0.5,1.0,1.0,0.0,32.0,0.5
1.0,4.088036007487972e-07,29986,32.0,0.5,1.0,1.0,0.0,32.0,0.5
1.0,1.9480248170111736e-07,29987,32.0,0.5,1.0,1.0,0.0,32.0,0.5
1.0,1.3144042441126658e-06,29987,32.0,0.5,1.0,1.0,0.0,32.0,0.5
1.0,-8.182894362107618e-08,29988,32.0,0.5,1.0,1.0,0.0,32.0,0.5
1.0,9.046626701092464e-07,29988,32.0,0.5,1.0,1.0,0.0,32.0,0.5
1.0,-9.366326025883609e-07,29989,32.0,0.5,1.0,1.0,0.0,32.0,0.5
1.0,-4.804982154382742e-07,29989,32.0,0.5,1.0,1.0,0.0,32.0,0.5
1.0,-9.260364777219365e-07,29990,32.0,0.5,1.0,1.0,0.0,32.0,0.5
1.0,7.977398581715534e-07,29990,32.0,0.5,1.0,1.0,0.0,32.0,0.5
1.0,2.1703799575334415e-06,29991,32.0,0.5,1.0,1.0,0.0,32.0,0.5
1.0,2.2445615854849166e-07,29991,32.0,0.5,1.0,1.0,0.0,32.0,0.5
1.0,-8.847349590723752e-07,29992,32.0,0.5,1.0,1.0,0.0,32.0,0.5
1.0,1.1491941904751002e-06,29992,32.0,0.5,1.0,1.0,0.0,32.0,0.5
1.0,4.793342327502614e-07,29993,32.0,0.5,1.0,1.0,0.0,32.0,0.5
1.0,-4.807286586583359e-07,29993,32.0,0.5,1.0,1.0,0.0,32.0,0.5
1.0,2.4822682576086663e-07,29994,32.0,0.5,1.0,1.0,0.0,32.0,0.5
1.0,-2.651564955158392e-06,29994,32.0,0.5,1.0,1.0,0.0,32.0,0.5
1.0,2.250399688819016e-08,29995,32.0,0.5,1.0,1.0,0.0,32.0,0.5
1.0,3.0542969398084097e-07,29995,32.0,0.5,1.0,1.0,0.0,32.0,0.5
1.0,-8.074106006006332e-08,29996,32.0,0.5,1.0,1.0,0.0,32.0,0.5
1.0,-1.1000274753314443e-06,29996,32.0,0.5,1.0,1.0,0.0,32.0,0.5
1.0,-5.677299554918136e-07,29997,32.0,0.5,1.0,1.0,0.0,32.0,0.5
1.0,7.207126486719062e-07,29997,32.0,0.5,1.0,1.0,0.0,32.0,0.5
1.0,-1.1763643215090269e-07,29998,32.0,0.5,1.0,1.0,0.0,32.0,0.5
1.0,6.604067266380298e-07,29998,32.0,0.5,1.0,1.0,0.0,32.0,0.5
1.0,1.183511812996585e-06,29999,32.0,0.5,1.0,1.0,0.0,32.0,0.5
1.0,-9.459324701310834e-07,29999,32.0,0.5,1.0,1.0,0.0,32.0,0.5
1.0,-9.762616173247807e-07,30000,32.0,0.5,1.0,1.0,0.0,32.0,0.5
1.0,1.4263997627494973e-07,30000,32.0,0.5,1.0,1.0,0.0,32.0,0.5
1.0,1.0874239819713694e-07,30001,32.0,0.5,1.0,1.0,0.0,32.0,0.5
1.0,-9.421357844985323e-07,30001,32.0,0.5,1.0,1.0,0.0,32.0,0.5
1.0,2.2855888346384745e-06,30002,32.0,0.5,1.0,1.0,0.0,32.0,0.5
1.0,-2.149026386177866e-06,30002,32.0,0.5,1.0,1.0,0.0,32.0,0.5
1.0,6.645716439379612e-07,30003,32.0,0.5,1.0,1.0,0.0,32.0,0.5
1.0,-2.7989353839075193e-06,30003,32.0,0.5,1.0,1.0,0.0,32.0,0.5
1.0,-2.247730890303501e-08,30004,32.0,0.5,1.0,1.0,0.0,32.0,0.5
1.0,-5.730055931962852e-07,30004,32.0,0.5,1.0,1.0,0.0,32.0,0.5
1.0,1.757928771439765e-07,30005,32.0,0.5,1.0,1.0,0.0,32.0,0.5
1.0,-9.200562089972664e-07,30005,32.0,0.5,1.0,1.0,0.0,32.0,0.5
1.0,1.6504109225934371e-06,30006,32.0,0.5,1.0,1.0,0.0,32.0,0.5
1.0,1.9508293007675093e-06,30006,32.0,0.5,1.0,1.0,0.0,32.0,0.5
1.0,-3.4820504879462533e-07,30007,32.0,0.5,1.0,1.0,0.0,32.0,0.5
1.0,1.8196027440353646e-06,30007,32.0,0.5,1.0,1.0,0.0,32.0,0.5
1.0,-2.641822902660351e-07,30008,32.0,0.5,1.0,1.0,0.0,32.0,0.5
1.0,-4.0402596823696513e-07,30008,32.0,0.5,1.0,1.0,0.0,32.0,0.5
1.0,-1.5799670336491545e-06,30009,32.0,0.5,1.0,1.0,0.0,32.0,0.5
1.0,1.215528868669935e-07,30009,32.0,0.5,1.0,1.0,0.0,32.0,0.5
1.0,-9.117326271734782e-08,30010,32.0,0.5,1.0,1.0,0.0,32.0,0.5
1.0,7.027014135019272e-07,30010,32.0,0.5,1.0,1.0,0.0,32.0,0.5
1.0,-2.876576559174282e-07,30011,32.0,0.5,1.0,1.0,0.0,32.0,0.5
1.0,-1.023703589453362e-06,30011,32.0,0.5,1.0,1.0,0.0,32.0,0.5
1.0,2.447238216518599e-07,30012,32.0,0.5,1.0,1.0,0.0,32.0,0.5
1.0,-7.886897037678864e-07,30012,32.0,0.5,1.0,1.0,0.0,32.0,0.5
1.0,-3.9240921978489496e-07,30013,32.0,0.5,1.0,1.0,0.0,32.0,0.5
1.0,-8.965325264398416e-07,30013,32.0,0.5,1.0,1.0,0.0,32.0,0.5
1.0,8.253016403614311e-07,30014,32.0,0.5,1.0,1.0,0.0,32.0,0.5
1.0,-1.3941195220468217e-07,30014,32.0,0.5,1.0,1.0,0.0,32.0,0.5
1.0,7.410753823933192e-07,30015,32.0,0.5,1.0,1.0,0.0,32.0,0.5
1.0,1.2160644473624416e-06,30015,32.0,0.5,1.0,1.0,0.0,32.0,0.5
1.0,7.725287787252455e-07,30016,32.0,0.5,1.0,1.0,0.0,32.0,0.5
1.0,8.724770168555551e-07,30016,32.0,0.5,1.0,1.0,0.0,32.0,0.5
1.0,9.9600629255292e-07,30017,32.0,0.5,1.0,1.0,0.0,32.0,0.5
1.0,1.3428178817775915e-06,30017,32.0,0.5,1.0,1.0,0.0,32.0,0.5
1.0,4.6966277977844584e-07,30018,32.0,0.5,1.0,1.0,0.0,32.0,0.5
1.0,3.551430154402624e-07,30018,32.0,0.5,1.0,1.0,0.0,32.0,0.5
1.0,-1.819763042476552e-06,30019,32.0,0.5,1.0,1.0,0.0,32.0,0.5
1.0,-2.9329157769097947e-08,30019,32.0,0.5,1.0,1.0,0.0,32.0,0.5
1.0,6.247984174478916e-07,30020,32.0,0.5,1.0,1.0,0.0,32.0,0.5
1.0,1.8582661596155958e-06,30020,32.0,0.5,1.0,1.0,0.0,32.0,0.5
1.0,4.4079882854930474e-07,30021,32.0,0.5,1.0,1.0,0.0,32.0,0.5
1.0,-7.42867428016325e-07,30021,32.0,0.5,1.0,1.0,0.0,32.0,0.5
1.0,-5.561361149375443e-07,30022,32.0,0.5,1.0,1.0,0.0,32.0,0.5
1.0,6.65887114337238e-07,30022,32.0,0.5,1.0,1.0,0.0,32.0,0.5
1.0,2.1868368094146717e-06,30023,32.0,0.5,1.0,1.0,0.0,32.0,0.5
1.0,3.3793691045502783e-07,30023,32.0,0.5,1.0,1.0,0.0,32.0,0.5
1.0,1.0480064247531118e-06,30024,32.0,0.5,1.0,1.0,0.0,32.0,0.5
1.0,-4.072980459568498e-07,30024,32.0,0.5,1.0,1.0,0.0,32.0,0.5
1.0,-4.1759165014809696e-07,30025,32.0,0.5,1.0,1.0,0.0,32.0,0.5
1.0,-7.811121918166464e-07,30025,32.0,0.5,1.0,1.0,0.0,32.0,0.5
1.0,-1.0864602018045844e-06,30026,32.0,0.5,1.0,1.0,0.0,32.0,0.5
1.0,4.0169712178794725e-07,30026,32.0,0.5,1.0,1.0,0.0,32.0,0.5
1.0,-3.220688086003065e-06,30027,32.0,0.5,1.0,1.0,0.0,32.0,0.5
1.0,-5.865991852260777e-07,30027,32.0,0.5,1.0,1.0,0.0,32.0,0.5
1.0,1.5041739516163943e-06,30028,32.0,0.5,1.0,1.0,0.0,32.0,0.5
1.0,6.11186862897739e-07,30028,32.0,0.5,1.0,1.0,0.0,32.0,0.5
1.0,4.7496413912995195e-07,30029,32.0,0.5,1.0,1.0,0.0,32.0,0.5
1.0,1.6990104541036999e-06,30029,32.0,0.5,1.0,1.0,0.0,32.0,0.5
1.0,2.184621280321153e-06,30030,32.0,0.5,1.0,1.0,0.0,32.0,0.5
1.0,1.4810721040703356e-06,30030,32.0,0.5,1.0,1.0,0.0,32.0,0.5
1.0,-3.9106635085772723e-07,30031,32.0,0.5,1.0,1.0,0.0,32.0,0.5
1.0,-1.7983086308959173e-06,30031,32.0,0.5,1.0,1.0,0.0,32.0,0.5
1.0,-2.190901682297408e-07,30032,32.0,0.5,1.0,1.0,0.0,32.0,0.5
1.0,4.298805720281962e-07,30032,32.0,0.5,1.0,1.0,0.0,32.0,0.5
1.0,9.068729127648112e-07,30033,32.0,0.5,1.0,1.0,0.0,32.0,0.5
1.0,2.5644280867709313e-06,30033,32.0,0.5,1.0,1.0,0.0,32.0,0.5
1.0,-5.1475694817781914e-08,30034,32.0,0.5,1.0,1.0,0.0,32.0,0.5
1.0,1.082223775483726e-06,30034,32.0,0.5,1.0,1.0,0.0,32.0,0.5
1.0,-1.917558620334603e-06,30035,32.0,0.5,1.0,1.0,0.0,32.0,0.5
1.0,-7.359546998486621e-07,30035,32.0,0.5,1.0,1.0,0.0,32.0,0.5
1.0,-5.226572739047697e-07,30036,32.0,0.5,1.0,1.0,0.0,32.0,0.5
1.0,6.492650754807983e-07,30036,32.0,0.5,1.0,1.0,0.0,32.0,0.5
1.0,9.542053476252477e-07,30037,32.0,0.5,1.0,1.0,0.0,32.0,0.5
1.0,1.7940720908882213e-08,30037,32.0,0.5,1.0,1.0,0.0,32.0,0.5
1.0,-1.3078698657409404e-07,30038,32.0,0.5,1.0,1.0,0.0,32.0,0.5
1.0,-8.831319746605004e-07,30038,32.0,0.5,1.0,1.0,0.0,32.0,0.5
1.0,-1.1206122962903464e-06,30039,32.0,0.5,1.0,1.0,0.0,32.0,0.5
1.0,-1.2178931001471938e-06,30039,32.0,0.5,1.0,1.0,0.0,32.0,0.5
1.0,4.128260684410634e-07,30040,32.0,0.5,1.0,1.0,0.0,32.0,0.5
1.0,-4.23673867544494e-07,30040,32.0,0.5,1.0,1.0,0.0,32.0,0.5
1.0,5.062041168457654e-07,30041,32.0,0.5,1.0,1.0,0.0,32.0,0.5
1.0,2.850260898412671e-07,30041,32.0,0.5,1.0,1.0,0.0,32.0,0.5
1.0,-1.807878788895323e-07,30042,32.0,0.5,1.0,1.0,0.0,32.0,0.5
1.0,-6.934137672942597e-07,30042,32.0,0.5,1.0,1.0,0.0,32.0,0.5
1.0,-9.940911240846617e-07,30043,32.0,0.5,1.0,1.0,0.0,32.0,0.5
1.0,1.7695700762487832e-06,30043,32.0,0.5,1.0,1.0,0.0,32.0,0.5
1.0,-1.862080353021156e-06,30044,32.0,0.5,1.0,1.0,0.0,32.0,0.5
1.0,-4.7445681161661923e-07,30044,32.0,0.5,1.0,1.0,0.0,32.0,0.5
1.0,-8.127364026222494e-07,30045,32.0,0.5,1.0,1.0,0.0,32.0,0.5
1.0,1.713106883016735e-07,30045,32.0,0.5,1.0,1.0,0.0,32.0,0.5
1.0,8.03988655206922e-07,30046,32.0,0.5,1.0,1.0,0.0,32.0,0.5
1.0,6.300493851085776e-07,30046,32.0,0.5,1.0,1.0,0.0,32.0,0.5
1.0,5.569989980358514e-07,30047,32.0,0.5,1.0,1.0,0.0,32.0,0.5
1.0,-1.0082130756927654e-06,30047,32.0,0.5,1.0,1.0,0.0,32.0,0.5
1.0,-1.462169166188687e-06,30048,32.0,0.5,1.0,1.0,0.0,32.0,0.5
1.0,-3.700937668327242e-06,30048,32.0,0.5,1.0,1.0,0.0,32.0,0.5
1.0,-3.941656814276939e-07,30049,32.0,0.5,1.0,1.0,0.0,32.0,0.5
1.0,3.016447180925752e-08,30049,32.0,0.5,1.0,1.0,0.0,32.0,0.5
1.0,-7.478822112716443e-07,30050,32.0,0.5,1.0,1.0,0.0,32.0,0.5
1.0,-5.69369433378597e-07,30050,32.0,0.5,1.0,1.0,1.2069307256021507e-15,32.0,0.5
1.0,-8.968772249318135e-07,30051,32.0,0.5,1.0,1.0,0.0,32.0,0.5
1.0,-8.553722636861494e-07,30051,32.0,0.5,1.0,1.0,0.0,32.0,0.5
1.0,-1.125020503423002e-06,30052,32.0,0.5,1.0,1.0,0.0,32.0,0.5
1.0,-3.3307769626844674e-06,30052,32.0,0.5,1.0,1.0,0.0,32.0,0.5
1.0,-3.598380544644897e-07,30053,32.0,0.5,1.0,1.0,0.0,32.0,0.5
1.0,-1.7066591340153536e-07,30053,32.0,0.5,1.0,1.0,0.0,32.0,0.5
1.0,-5.170311396796023e-07,30054,32.0,0.5,1.0,1.0,0.0,32.0,0.5
1.0,2.6311888632335467e-06,30054,32.0,0.5,1.0,1.0,0.0,32.0,0.5
1.0,2.7235967081651324e-07,30055,32.0,0.5,1.0,1.0,3.747177002371693e-16,32.0,0.5
1.0,1.0337424782846938e-06,30055,32.0,0.5,1.0,1.0,0.0,32.0,0.5
1.0,8.89798968728428e-07,30056,32.0,0.5,1.0,1.0,0.0,32.0,0.5
1.0,-1.6639012301311595e-07,30056,32.0,0.5,1.0,1.0,2.602828922111176e-16,32.0,0.5
1.0,1.5598086520185461e-06,30057,32.0,0.5,1.0,1.0,0.0,32.0,0.5
1.0,-3.485448303308658e-07,30057,32.0,0.5,1.0,1.0,0.0,32.0,0.5
1.0,-5.704265504391515e-08,30058,32.0,0.5,1.0,1.0,0.0,32.0,0.5
1.0,8.775914466241375e-07,30058,32.0,0.5,1.0,1.0,0.0,32.0,0.5
1.0,3.3524150921948603e-07,30059,32.0,0.5,1.0,1.0,1.4898977456566305e-15,32.0,0.5
1.0,-1.2794746453437256e-06,30059,32.0,0.5,1.0,1.0,4.966325818855435e-16,32.0,0.5
1.0,-1.3696796941076173e-06,30060,32.0,0.5,1.0,1.0,0.0,32.0,0.5
1.0,-4.6608101911260746e-07,30060,32.0,0.5,1.0,1.0,0.0,32.0,0.5
1.0,-5.226677330938401e-07,30061,32.0,0.5,1.0,1.0,1.2784890546734052e-16,32.0,0.5
1.0,2.048623741757183e-07,30061,32.0,0.5,1.0,1.0,1.2784890546734052e-16,32.0,0.5
1.0,-1.6643741673760815e-07,30062,32.0,0.5,1.0,1.0,0.0,32.0,0.5
1.0,-5.179822437639814e-07,30062,32.0,0.5,1.0,1.0,1.4646523086757797e-15,32.0,0.5
1.0,-1.8517974922360736e-06,30063,32.0,0.5,1.0,1.0,2.5328217336475856e-14,32.0,0.5
1.0,-1.1078573152190074e-06,30063,32.0,0.5,1.0,1.0,2.5328217336475856e-14,32.0,0.5
1.0,-6.548405053763418e-07,30064,32.0,0.5,1.0,1.0,0.0,32.0,0.5
1.0,-6.869850039947778e-07,30064,32.0,0.5,1.0,1.0,0.0,32.0,0.5
1.0,1.4947785302865668e-06,30065,32.0,0.5,1.0,1.0,1.2721635982039155e-16,32.0,0.5
1.0,-9.85384303930914e-07,30065,32.0,0.5,1.0,1.0,0.0,32.0,0.5
1.0,1.948783847183222e-06,30066,32.0,0.5,1.0,1.0,3.7415261575671285e-16,32.0,0.5
1.0,-3.408281372685451e-07,30066,32.0,0.5,1.0,1.0,0.0,32.0,0.5
1.0,9.292302820540499e-07,30067,32.0,0.5,1.0,1.0,0.0,32.0,0.5
1.0,2.1163384644751204e-06,30067,32.0,0.5,1.0,1.0,0.0,32.0,0.5
1.0,-3.102350660810771e-07,30068,32.0,0.5,1.0,1.0,2.527456450471039e-16,32.0,0.5
1.0,-2.0149609554209746e-06,30068,32.0,0.5,1.0,1.0,0.0,32.0,0.5
1.0,2.6878265657614975e-07,30069,32.0,0.5,1.0,1.0,0.0,32.0,0.5
1.0,1.2913629916511127e-06,30069,32.0,0.5,1.0,1.0,0.0,32.0,0.5
1.0,-6.951145223865751e-07,30070,32.0,0.5,1.0,1.0,0.0,32.0,0.5
1.0,-5.439600840873027e-07,30070,32.0,0.5,1.0,1.0,0.0,32.0,0.5
1.0,-6.769647598048323e-07,30071,32.0,0.5,1.0,1.0,0.0,32.0,0.5
1.0,-9.429492706658493e-07,30071,32.0,0.5,1.0,1.0,0.0,32.0,0.5
1.0,6.34826051282289e-07,30072,32.0,0.5,1.0,1.0,0.0,32.0,0.5
1.0,-2.0350003069324885e-06,30072,32.0,0.5,1.0,1.0,0.0,32.0,0.5
1.0,-1.0913740879914258e-06,30073,32.0,0.5,1.0,1.0,0.0,32.0,0.5
1.0,1.3153942290955456e-06,30073,32.0,0.5,1.0,1.0,0.0,32.0,0.5
1.0,1.610207505109429e-07,30074,32.0,0.5,1.0,1.0,0.0,32.0,0.5
1.0,-1.6960166249191388e-07,30074,32.0,0.5,1.0,1.0,0.0,32.0,0.5
1.0,-7.333968596867635e-07,30075,32.0,0.5,1.0,1.0,0.0,32.0,0.5
1.0,2.2743361682842078e-07,30075,32.0,0.5,1.0,1.0,0.0,32.0,0.5
1.0,4.909481958748074e-07,30076,32.0,0.5,1.0,1.0,0.0,32.0,0.5
1.0,-5.270217684483214e-07,30076,32.0,0.5,1.0,1.0,0.0,32.0,0.5
1.0,-3.748589278984582e-07,30077,32.0,0.5,1.0,1.0,0.0,32.0,0.5
1.0,6.947242354726768e-07,30077,32.0,0.5,1.0,1.0,0.0,32.0,0.5
1.0,-1.017024487737217e-06,30078,32.0,0.5,1.0,1.0,0.0,32.0,0.5
1.0,1.3289745766087435e-06,30078,32.0,0.5,1.0,1.0,0.0,32.0,0.5
1.0,-1.6506764950463548e-06,30079,32.0,0.5,1.0,1.0,0.0,32.0,0.5
1.0,-2.1087030290800612e-06,30079,32.0,0.5,1.0,1.0,0.0,32.0,0.5
1.0,-1.7825664144766051e-06,30080,32.0,0.5,1.0,1.0,0.0,32.0,0.5
1.0,-5.242463316790236e-07,30080,32.0,0.5,1.0,1.0,0.0,32.0,0.5
1.0,3.1073568607098423e-07,30081,32.0,0.5,1.0,1.0,0.0,32.0,0.5
1.0,1.1689874099829467e-06,30081,32.0,0.5,1.0,1.0,0.0,32.0,0.5
1.0,2.4064624426500814e-07,30082,32.0,0.5,1.0,1.0,0.0,32.0,0.5
1.0,1.4053864560992224e-06,30082,32.0,0.5,1.0,1.0,0.0,32.0,0.5
1.0,-1.6310150385834277e-06,30083,32.0,0.5,1.0,1.0,0.0,32.0,0.5
1.0,-5.144021884007088e-07,30083,32.0,0.5,1.0,1.0,0.0,32.0,0.5
1.0,-9.858532621365157e-07,30084,32.0,0.5,1.0,1.0,0.0,32.0,0.5
1.0,-4.968034659214027e-07,30084,32.0,0.5,1.0,1.0,1.849604647521447e-14,32.0,0.5
1.0,-2.999489652211196e-07,30085,32.0,0.5,1.0,1.0,0.0,32.0,0.5
1.0,2.3712937036179937e-07,30085,32.0,0.5,1.0,1.0,0.0,32.0,0.5
1.0,5.478483444676385e-07,30086,32.0,0.5,1.0,1.0,0.0,32.0,0.5
1.0,8.966694053924584e-07,30086,32.0,0.5,1.0,1.0,0.0,32.0,0.5
1.0,-2.820722215801652e-07,30087,32.0,0.5,1.0,1.0,4.266672633046915e-08,32.0,0.5
1.0,-1.0038904747489141e-06,30087,32.0,0.5,1.0,1.0,0.0,32.0,0.5
1.0,8.593751203989086e-07,30088,32.0,0.5,1.0,1.0,4.968623619738196e-06,32.0,0.5
1.0,-2.1150333395780763e-07,30088,32.0,0.5,1.0,1.0,2.288086844407406e-14,32.0,0.5
1.0,1.658771537904613e-07,30089,32.0,0.5,1.0,1.0,7.855025429774891e-15,32.0,0.5
1.0,-7.831528137103305e-08,30089,32.0,0.5,1.0,1.0,1.1594787517001088e-11,32.0,0.5
1.0,9.86143049885868e-07,30090,32.0,0.5,1.0,1.0,1.2685003985872922e-12,32.0,0.5
1.0,1.901620294120221e-06,30090,32.0,0.5,1.0,1.0,0.0,32.0,0.5
1.0,2.862242808987503e-06,30091,32.0,0.5,1.0,1.0,0.0,32.0,0.5
1.0,4.1752403490136203e-07,30091,32.0,0.5,1.0,1.0,4.373336594014379e-11,32.0,0.5
1.0,8.283361125904776e-07,30092,32.0,0.5,1.0,1.0,0.0,32.0,0.5
1.0,-7.665720431759837e-07,30092,32.0,0.5,1.0,1.0,1.7064211454422896e-13,32.0,0.5
1.0,-5.283568498271052e-07,30093,32.0,0.5,1.0,1.0,0.0,32.0,0.5
1.0,6.83600660522643e-07,30093,32.0,0.5,1.0,1.0,0.0,32.0,0.5
1.0,-2.4512980871804757e-06,30094,32.0,0.5,1.0,1.0,6.410730825634782e-12,32.0,0.5
1.0,-1.026232666845317e-06,30094,32.0,0.5,1.0,1.0,1.923116091793296e-11,32.0,0.5
1.0,-2.898314619415032e-07,30095,32.0,0.5,1.0,1.0,0.0,32.0,0.5
1.0,-8.600807177572278e-07,30095,32.0,0.5,1.0,1.0,0.0,32.0,0.5
1.0,1.5234138572850497e-06,30096,32.0,0.5,1.0,1.0,1.285439791359358e-16,32.0,0.5
1.0,8.140130489664443e-07,30096,32.0,0.5,1.0,1.0,1.285439791359358e-16,32.0,0.5
1.0,2.209206968473154e-06,30097,32.0,0.5,1.0,1.0,0.0,32.0,0.5
1.0,-5.052775122749154e-07,30097,32.0,0.5,1.0,1.0,0.0,32.0,0.5
1.0,-4.860597755396157e-07,30098,32.0,0.5,1.0,1.0,0.0,32.0,0.5
1.0,-6.276969770624419e-07,30098,32.0,0.5,1.0,1.0,4.938299061910526e-16,32.0,0.5
1.0,-3.343711796333082e-08,30099,32.0,0.5,1.0,1.0,0.0,32.0,0.5
1.0,8.857626880853786e-07,30099,32.0,0.5,1.0,1.0,0.0,32.0,0.5
1.0,4.395847668092756e-07,30100,32.0,0.5,1.0,1.0,0.0,32.0,0.5
1.0,4.143461467265297e-07,30100,32.0,0.5,1.0,1.0,2.176778198147873e-15,32.0,0.5
1.0,-2.6877505661104806e-06,30101,32.0,0.5,1.0,1.0,0.0,32.0,0.5
1.0,-9.952680102287559e-08,30101,32.0,0.5,1.0,1.0,1.9086918785656705e-09,32.0,0.5
1.0,-5.181213396099338e-07,30102,32.0,0.5,1.0,1.0,1.5741506073846825e-07,32.0,0.5
1.0,-1.5492711327169673e-06,30102,32.0,0.5,1.0,1.0,0.0,32.0,0.5
1.0,-1.1877405086124782e-06,30103,32.0,0.5,1.0,1.0,0.0,32.0,0.5
1.0,2.5950623694370734e-07,30103,32.0,0.5,1.0,1.0,3.3574661007509245e-09,32.0,0.5
1.0,-1.0176634077652125e-06,30104,32.0,0.5,1.0,1.0,1.4595954702957259e-12,32.0,0.5
1.0,6.284115556809411e-07,30104,32.0,0.5,1.0,1.0,0.0,32.0,0.5
1.0,1.115080976887839e-06,30105,32.0,0.5,1.0,1.0,4.348537800004935e-14,32.0,0.5
1.0,6.161510555102723e-07,30105,32.0,0.5,1.0,1.0,1.2897000087781749e-13,32.0,0.5
1.0,-1.1287241932222969e-06,30106,32.0,0.5,1.0,1.0,0.0,32.0,0.5
1.0,3.468197178335686e-07,30106,32.0,0.5,1.0,1.0,0.0,32.0,0.5
1.0,9.994940910473815e-07,30107,32.0,0.5,1.0,1.0,8.769558638584258e-12,32.0,0.5
1.0,-1.941314167197561e-07,30107,32.0,0.5,1.0,1.0,1.822481011739068e-13,32.0,0.5
1.0,-4.3071923983006855e-07,30108,32.0,0.5,1.0,1.0,0.0,32.0,0.5
1.0,-8.455497209070018e-07,30108,32.0,0.5,1.0,1.0,0.0,32.0,0.5
1.0,2.2665656160825165e-06,30109,32.0,0.5,1.0,1.0,9.295734187440413e-10,32.0,0.5
1.0,-1.7105587630794616e-06,30109,32.0,0.5,1.0,1.0,1.394360128116062e-09,32.0,0.5
1.0,-2.502157769868063e-07,30110,32.0,0.5,1.0,1.0,0.0,32.0,0.5
1.0,1.163148226623889e-06,30110,32.0,0.5,1.0,1.0,0.0,32.0,0.5
1.0,1.3240305634099059e-06,30111,32.0,0.5,1.0,1.0,3.2308972587671517e-09,32.0,0.5
1.0,-1.346593990092515e-06,30111,32.0,0.5,1.0,1.0,0.0,32.0,0.5
0.96875,0.08005573600530624,30112,32.0,0.5,1.0,0.984375,0.0018635000981153363,32.0,0.515625
1.0,-1.1534825716807973e-07,30112,32.0,0.5,1.0,1.0,3.223365169892092e-06,32.0,0.5
1.0,3.1603944989910815e-06,30113,32.0,0.5,1.0,1.0,9.228410240418374e-12,32.0,0.5
1.0,-8.705496838956606e-07,30113,32.0,0.5,1.0,1.0,0.0,32.0,0.5
1.0,-2.9111715775798075e-06,30114,32.0,0.5,1.0,1.0,0.0,32.0,0.5
1.0,-2.7142609724251088e-06,30114,32.0,0.5,1.0,1.0,7.68808430460988e-14,32.0,0.5
1.0,1.9020038735106937e-06,30115,32.0,0.5,1.0,1.0,2.6148214006434114e-16,32.0,0.5
1.0,-1.4690433545183623e-06,30115,32.0,0.5,1.0,1.0,4.515314525018033e-12,32.0,0.5
1.0,6.302080919340369e-07,30116,32.0,0.5,1.0,1.0,2.660616324743378e-11,32.0,0.5
1.0,-4.3027046103816247e-07,30116,32.0,0.5,1.0,1.0,0.0,32.0,0.5
1.0,5.445457418318256e-09,30117,32.0,0.5,1.0,1.0,1.015666112325995e-14,32.0,0.5
1.0,-4.640617135009961e-08,30117,32.0,0.5,1.0,1.0,1.9205264340748812e-08,32.0,0.5
1.0,-1.43642114380782e-06,30118,32.0,0.5,1.0,1.0,1.6666442841329802e-08,32.0,0.5
1.0,1.538828939828818e-07,30118,32.0,0.5,1.0,1.0,2.4214668759465135e-08,32.0,0.5
1.0,1.6525832506886218e-06,30119,32.0,0.5,1.0,1.0,1.440478044759889e-15,32.0,0.5
1.0,-1.9751780655496987e-06,30119,32.0,0.5,1.0,1.0,0.0,32.0,0.5
1.0,2.1753419332526391e-07,30120,32.0,0.5,1.0,1.0,4.4449032606509365e-14,32.0,0.5
1.0,5.809151275570912e-07,30120,32.0,0.5,1.0,1.0,0.0,32.0,0.5
1.0,1.4622686421716935e-06,30121,32.0,0.5,1.0,1.0,1.8652962123194803e-12,32.0,0.5
1.0,-1.4968311461416306e-06,30121,32.0,0.5,1.0,1.0,6.911393091270931e-10,32.0,0.5
1.0,6.060279815756076e-07,30122,32.0,0.5,1.0,1.0,9.980777531773258e-07,32.0,0.5
1.0,1.578716364747379e-06,30122,32.0,0.5,1.0,1.0,9.804290298338098e-07,32.0,0.5
1.0,7.469021056749625e-06,30123,32.0,0.5,1.0,1.0,5.219750914221118e-05,32.0,0.5
1.0,2.0980278350180015e-06,30123,32.0,0.5,1.0,1.0,3.069245698391436e-05,32.0,0.5
1.0,-9.364538300360437e-08,30124,32.0,0.5,1.0,1.0,6.127701278685806e-06,32.0,0.5
1.0,-1.627862616260245e-06,30124,32.0,0.5,1.0,1.0,2.3212884587249875e-08,32.0,0.5
1.0,4.155363342306373e-07,30125,32.0,0.5,1.0,1.0,2.4775002315173757e-13,32.0,0.5
1.0,-7.311793979170034e-07,30125,32.0,0.5,1.0,1.0,1.2868154270103388e-16,32.0,0.5
1.0,5.312614121066872e-06,30126,32.0,0.5,1.0,1.0,4.628509542605643e-05,32.0,0.5
1.0,1.854911261034431e-06,30126,32.0,0.5,1.0,1.0,1.673884246642072e-05,32.0,0.5
1.0,-7.02094610005588e-07,30127,32.0,0.5,1.0,1.0,1.5692513436590193e-09,32.0,0.5
1.0,7.077957775436516e-07,30127,32.0,0.5,1.0,1.0,3.826147171180286e-06,32.0,0.5
1.0,2.713636035878153e-07,30128,32.0,0.5,1.0,1.0,3.455470128505608e-10,32.0,0.5
1.0,6.126883818069473e-07,30128,32.0,0.5,1.0,1.0,0.0,32.0,0.5
1.0,-3.0758064895053394e-07,30129,32.0,0.5,1.0,1.0,1.2957639367008216e-08,32.0,0.5
1.0,-1.008460685625323e-06,30129,32.0,0.5,1.0,1.0,0.0,32.0,0.5
1.0,-2.7564232141230605e-07,30130,32.0,0.5,1.0,1.0,9.416607347967124e-14,32.0,0.5
1.0,1.0099904557137052e-06,30130,32.0,0.5,1.0,1.0,3.4672648121539543e-10,32.0,0.5
1.0,2.050915099971462e-07,30131,32.0,0.5,1.0,1.0,0.0,32.0,0.5
1.0,-1.0317397709513898e-06,30131,32.0,0.5,1.0,1.0,1.2702973623979712e-14,32.0,0.5
1.0,2.381378635618603e-06,30132,32.0,0.5,1.0,1.0,9.245160392570691e-11,32.0,0.5
1.0,3.7792231069033733e-06,30132,32.0,0.5,1.0,1.0,1.5930950299390592e-05,32.0,0.5
1.0,-8.465355563203047e-07,30133,32.0,0.5,1.0,1.0,1.9764540408952797e-06,32.0,0.5
1.0,-2.464856606820831e-06,30133,32.0,0.5,1.0,1.0,1.009188844055586e-06,32.0,0.5
1.0,8.538010547454178e-07,30134,32.0,0.5,1.0,1.0,1.0014410551717551e-15,32.0,0.5
1.0,1.1935205748159206e-06,30134,32.0,0.5,1.0,1.0,1.6198109213800565e-10,32.0,0.5
1.0,2.8311944788583787e-07,30135,32.0,0.5,1.0,1.0,2.3329550657950216e-08,32.0,0.5
1.0,1.379323748551542e-06,30135,32.0,0.5,1.0,1.0,0.0,32.0,0.5
1.0,-6.312613436421088e-07,30136,32.0,0.5,1.0,1.0,1.9553542333556916e-08,32.0,0.5
1.0,3.563641541859397e-07,30136,32.0,0.5,1.0,1.0,3.6282421486235675e-08,32.0,0.5
1.0,1.316880570811918e-06,30137,32.0,0.5,1.0,1.0,6.153813805914131e-16,32.0,0.5
1.0,1.170548102891189e-07,30137,32.0,0.5,1.0,1.0,2.2541636561380164e-11,32.0,0.5
1.0,2.414815980955609e-06,30138,32.0,0.5,1.0,1.0,1.0380459208983258e-07,32.0,0.5
1.0,1.3912144822825212e-06,30138,32.0,0.5,1.0,1.0,1.0447701746352812e-07,32.0,0.5
1.0,1.926101958815707e-06,30139,32.0,0.5,1.0,1.0,2.6536618524978595e-10,32.0,0.5
1.0,9.201853572449181e-07,30139,32.0,0.5,1.0,1.0,1.476459196756985e-11,32.0,0.5
1.0,-2.34533445109264e-07,30140,32.0,0.5,1.0,1.0,2.7881917971555537e-08,32.0,0.5
1.0,-6.571884796358063e-07,30140,32.0,0.5,1.0,1.0,3.506700102442712e-11,32.0,0.5
1.0,-5.370291091821855e-07,30141,32.0,0.5,1.0,1.0,3.991361528373069e-09,32.0,0.5
1.0,-1.998592551899492e-06,30141,32.0,0.5,1.0,1.0,1.4998990823619624e-07,32.0,0.5
1.0,2.3090483409760054e-06,30142,32.0,0.5,1.0,1.0,2.0629848390378107e-08,32.0,0.5
1.0,5.165300365206349e-08,30142,32.0,0.5,1.0,1.0,2.5480913548362746e-11,32.0,0.5
1.0,3.930935577045602e-08,30143,32.0,0.5,1.0,1.0,2.4421251464092013e-07,32.0,0.5
1.0,-5.812983658870507e-07,30143,32.0,0.5,1.0,1.0,2.2523467632965983e-13,32.0,0.5
1.0,-1.8103833099303301e-06,30144,32.0,0.5,1.0,1.0,2.778345658840918e-07,32.0,0.5
1.0,1.7636550637689652e-06,30144,32.0,0.5,1.0,1.0,2.7834055125927136e-07,32.0,0.5
1.0,2.1267742340569384e-06,30145,32.0,0.5,1.0,1.0,2.049668686457366e-11,32.0,0.5
1.0,-1.0072210443468066e-06,30145,32.0,0.5,1.0,1.0,1.6651906244804118e-08,32.0,0.5
1.0,-5.8109662859351374e-08,30146,32.0,0.5,1.0,1.0,5.362401240293432e-10,32.0,0.5
1.0,4.4336104565445567e-08,30146,32.0,0.5,1.0,1.0,6.2092810309355455e-09,32.0,0.5
1.0,0.0006545364740304649,30147,32.0,0.5,1.0,1.0,0.002674895786433915,32.0,0.5
1.0,0.00047548863221891224,30147,32.0,0.5,1.0,1.0,0.0021022529296658315,32.0,0.5
1.0,-1.7987206319958204e-06,30148,32.0,0.5,1.0,1.0,9.671636032474686e-10,32.0,0.5
1.0,-5.697332881027251e-07,30148,32.0,0.5,1.0,1.0,7.447337544915481e-11,32.0,0.5
1.0,1.6096686294986284e-06,30149,32.0,0.5,1.0,1.0,0.0,32.0,0.5
1.0,-5.453740925531747e-08,30149,32.0,0.5,1.0,1.0,4.415316290937015e-09,32.0,0.5
1.0,-6.484515324700624e-08,30150,32.0,0.5,1.0,1.0,1.1717914341413429e-10,32.0,0.5
1.0,-6.284652727117646e-07,30150,32.0,0.5,1.0,1.0,8.71649553367299e-11,32.0,0.5
1.0,-7.909164878583397e-08,30151,32.0,0.5,1.0,1.0,1.7837752180538122e-10,32.0,0.5
1.0,-6.11505811320967e-07,30151,32.0,0.5,1.0,1.0,0.0,32.0,0.5
1.0,-1.7512096519567422e-06,30152,32.0,0.5,1.0,1.0,2.6826465725028703e-12,32.0,0.5
0.96875,0.08362802863121033,30152,32.0,0.5,1.0,0.984375,0.0004700532344286156,32.0,0.515625
1.0,1.82395956471737e-06,30153,32.0,0.5,1.0,1.0,1.9103000476620826e-11,32.0,0.5
1.0,1.2449957011995139e-06,30153,32.0,0.5,1.0,1.0,0.0,32.0,0.5
1.0,1.4813454072282184e-06,30154,32.0,0.5,1.0,1.0,0.0,32.0,0.5
1.0,-5.569979748543119e-07,30154,32.0,0.5,1.0,1.0,0.0,32.0,0.5
1.0,3.0506492976201116e-07,30155,32.0,0.5,1.0,1.0,1.2836456190295846e-16,32.0,0.5
1.0,-1.1367845900167595e-06,30155,32.0,0.5,1.0,1.0,5.184938362656101e-16,32.0,0.5
1.0,5.816332304675598e-08,30156,32.0,0.5,1.0,1.0,2.580758996429415e-10,32.0,0.5
1.0,-2.0406253042892786e-06,30156,32.0,0.5,1.0,1.0,6.597763547422996e-11,32.0,0.5
1.0,5.759852683695499e-07,30157,32.0,0.5,1.0,1.0,1.9018394409907464e-15,32.0,0.5
1.0,8.230041999013338e-07,30157,32.0,0.5,1.0,1.0,9.5495361264551e-10,32.0,0.5
1.0,-7.845003437978448e-07,30158,32.0,0.5,1.0,1.0,5.05436546227959e-14,32.0,0.5
1.0,-2.3800106419002987e-07,30158,32.0,0.5,1.0,1.0,1.2677721099435656e-14,32.0,0.5
1.0,-9.305931030212378e-07,30159,32.0,0.5,1.0,1.0,1.2726585932658904e-16,32.0,0.5
1.0,-1.1547713256732095e-06,30159,32.0,0.5,1.0,1.0,1.041950682557826e-07,32.0,0.5
1.0,-5.617037572847039e-07,30160,32.0,0.5,1.0,1.0,3.535153150986264e-14,32.0,0.5
1.0,2.3974384930625092e-06,30160,32.0,0.5,1.0,1.0,6.554453133160158e-14,32.0,0.5
1.0,2.902812639149488e-07,30161,32.0,0.5,1.0,1.0,0.0,32.0,0.5
1.0,-5.067821007287421e-07,30161,32.0,0.5,1.0,1.0,0.0,32.0,0.5
1.0,-6.397320930773276e-07,30162,32.0,0.5,1.0,1.0,0.0,32.0,0.5
1.0,4.223291512062133e-07,30162,32.0,0.5,1.0,1.0,0.0,32.0,0.5
1.0,5.236211109149735e-07,30163,32.0,0.5,1.0,1.0,0.0,32.0,0.5
1.0,-8.070254864378512e-08,30163,32.0,0.5,1.0,1.0,5.077190686133138e-10,32.0,0.5
1.0,1.936139142344473e-06,30164,32.0,0.5,1.0,1.0,0.0,32.0,0.5
1.0,4.2343248196630157e-07,30164,32.0,0.5,1.0,1.0,0.0,32.0,0.5
1.0,7.368875571955869e-07,30165,32.0,0.5,1.0,1.0,1.9688258652176087e-13,32.0,0.5
1.0,2.0621013163690805e-07,30165,32.0,0.5,1.0,1.0,2.293127562861665e-13,32.0,0.5
1.0,9.33581134177075e-07,30166,32.0,0.5,1.0,1.0,0.0,32.0,0.5
1.0,-9.93447770269995e-07,30166,32.0,0.5,1.0,1.0,0.0,32.0,0.5
1.0,-1.5064199487824226e-07,30167,32.0,0.5,1.0,1.0,0.0,32.0,0.5
1.0,-8.028574711715919e-07,30167,32.0,0.5,1.0,1.0,0.0,32.0,0.5
1.0,4.271834086466697e-07,30168,32.0,0.5,1.0,1.0,0.0,32.0,0.5
1.0,-1.022349806589773e-06,30168,32.0,0.5,1.0,1.0,0.0,32.0,0.5
1.0,6.360456836773665e-07,30169,32.0,0.5,1.0,1.0,3.54954470255884e-14,32.0,0.5
1.0,-1.7629831745580304e-06,30169,32.0,0.5,1.0,1.0,0.0,32.0,0.5
1.0,1.9793485535046784e-06,30170,32.0,0.5,1.0,1.0,0.0,32.0,0.5
1.0,6.38513313333533e-07,30170,32.0,0.5,1.0,1.0,1.1704804987378436e-07,32.0,0.5
1.0,3.0762578262510942e-06,30171,32.0,0.5,1.0,1.0,0.0,32.0,0.5
1.0,-1.944720452229376e-06,30171,32.0,0.5,1.0,1.0,1.438613595455658e-15,32.0,0.5
1.0,6.003036219226487e-07,30172,32.0,0.5,1.0,1.0,0.0,32.0,0.5
1.0,-1.4313831115941866e-06,30172,32.0,0.5,1.0,1.0,1.0568264813988608e-12,32.0,0.5
1.0,1.7437442920709145e-06,30173,32.0,0.5,1.0,1.0,1.428875370787227e-07,32.0,0.5
1.0,2.642367462613038e-07,30173,32.0,0.5,1.0,1.0,0.0,32.0,0.5
1.0,-1.4773966086067958e-06,30174,32.0,0.5,1.0,1.0,0.0,32.0,0.5
1.0,1.8568360928838956e-06,30174,32.0,0.5,1.0,1.0,2.3151153638171873e-13,32.0,0.5
1.0,-1.1194779290235601e-06,30175,32.0,0.5,1.0,1.0,0.0,32.0,0.5
1.0,5.884622851226595e-07,30175,32.0,0.5,1.0,1.0,2.0830386542441717e-13,32.0,0.5
1.0,2.7327496354701e-07,30176,32.0,0.5,1.0,1.0,3.792935341570905e-12,32.0,0.5
1.0,9.383355745740118e-07,30176,32.0,0.5,1.0,1.0,0.0,32.0,0.5
1.0,-2.42358851210156e-07,30177,32.0,0.5,1.0,1.0,0.0,32.0,0.5
1.0,-1.0957701306324452e-06,30177,32.0,0.5,1.0,1.0,3.030256030822341e-14,32.0,0.5
1.0,-4.5611272980750073e-07,30178,32.0,0.5,1.0,1.0,2.0283228717210256e-14,32.0,0.5
1.0,-1.0480495120646083e-06,30178,32.0,0.5,1.0,1.0,4.782078032024646e-14,32.0,0.5
1.0,-7.411786100419704e-07,30179,32.0,0.5,1.0,1.0,0.0,32.0,0.5
1.0,-1.219291334564332e-08,30179,32.0,0.5,1.0,1.0,1.966202464310943e-07,32.0,0.5
1.0,-1.953830178536009e-06,30180,32.0,0.5,1.0,1.0,2.4766303981048576e-15,32.0,0.5
1.0,1.474554551350593e-06,30180,32.0,0.5,1.0,1.0,1.2040355828348866e-15,32.0,0.5
1.0,-6.747835641363054e-07,30181,32.0,0.5,1.0,1.0,9.477568507936069e-12,32.0,0.5
1.0,-5.786239398730686e-08,30181,32.0,0.5,1.0,1.0,9.923989204493254e-12,32.0,0.5
1.0,1.1809343050117604e-06,30182,32.0,0.5,1.0,1.0,0.0,32.0,0.5
1.0,2.050053353741532e-06,30182,32.0,0.5,1.0,1.0,0.0,32.0,0.5
1.0,-1.4169376072459272e-06,30183,32.0,0.5,1.0,1.0,0.0,32.0,0.5
1.0,-3.343843673064839e-06,30183,32.0,0.5,1.0,1.0,0.0,32.0,0.5
1.0,4.0838787640495866e-07,30184,32.0,0.5,1.0,1.0,6.242820754919459e-11,32.0,0.5
1.0,1.695012315394706e-06,30184,32.0,0.5,1.0,1.0,8.4392208756966e-12,32.0,0.5
1.0,-7.216933113340929e-07,30185,32.0,0.5,1.0,1.0,1.7400326200934089e-09,32.0,0.5
1.0,-7.841765068405948e-07,30185,32.0,0.5,1.0,1.0,1.7387215329838729e-09,32.0,0.5
1.0,1.4360002751345746e-06,30186,32.0,0.5,1.0,1.0,1.8360812388513708e-11,32.0,0.5
1.0,6.731443704666162e-07,30186,32.0,0.5,1.0,1.0,6.711316705414974e-13,32.0,0.5
1.0,-8.997636768981465e-08,30187,32.0,0.5,1.0,1.0,7.924037577866208e-11,32.0,0.5
1.0,-4.1925744653781294e-07,30187,32.0,0.5,1.0,1.0,3.1707564077741993e-10,32.0,0.5
1.0,-7.216580684143992e-07,30188,32.0,0.5,1.0,1.0,0.0,32.0,0.5
1.0,-5.853793254573247e-07,30188,32.0,0.5,1.0,1.0,0.0,32.0,0.5
1.0,-1.0057844974653563e-06,30189,32.0,0.5,1.0,1.0,1.782802965139924e-12,32.0,0.5
1.0,-1.019919523059798e-06,30189,32.0,0.5,1.0,1.0,2.1311759042889192e-15,32.0,0.5
1.0,-1.6726058902349905e-06,30190,32.0,0.5,1.0,1.0,1.724252410496179e-09,32.0,0.5
1.0,1.2391114978527185e-07,30190,32.0,0.5,1.0,1.0,8.73873036244892e-10,32.0,0.5
1.0,-2.165334990422707e-06,30191,32.0,0.5,1.0,1.0,3.700723469865502e-12,32.0,0.5
1.0,1.9568437892303336e-07,30191,32.0,0.5,1.0,1.0,9.543676134141577e-13,32.0,0.5
1.0,-1.0241882364425692e-07,30192,32.0,0.5,1.0,1.0,2.388170343649486e-10,32.0,0.5
1.0,1.846594159360393e-06,30192,32.0,0.5,1.0,1.0,1.1025805763362983e-07,32.0,0.5
1.0,0.007727133575826883,30193,32.0,0.5,1.0,1.0,0.010450407534123437,32.0,0.5
1.0,4.829389013139007e-07,30193,32.0,0.5,1.0,1.0,2.1101134861280787e-08,32.0,0.5
1.0,-1.5493702676394605e-06,30194,32.0,0.5,1.0,1.0,3.822320299257538e-14,32.0,0.5
1.0,-4.130604793317616e-06,30194,32.0,0.5,1.0,1.0,2.3291963453565414e-14,32.0,0.5
1.0,1.5410306559715536e-06,30195,32.0,0.5,1.0,1.0,1.380756806663084e-07,32.0,0.5
1.0,3.902446223946754e-06,30195,32.0,0.5,1.0,1.0,4.3444607344592044e-05,32.0,0.5
1.0,0.002621501451358199,30196,32.0,0.5,1.0,1.0,0.006723568521491464,32.0,0.5
1.0,0.00015840296691749245,30196,32.0,0.5,1.0,1.0,0.0008745297919473456,32.0,0.5
1.0,-1.6256753951893188e-06,30197,32.0,0.5,1.0,1.0,1.1281088875416426e-14,32.0,0.5
1.0,-1.6014186030588462e-06,30197,32.0,0.5,1.0,1.0,1.6167959773004854e-10,32.0,0.5
1.0,1.8147250102629187e-06,30198,32.0,0.5,1.0,1.0,1.3971498118091785e-08,32.0,0.5
1.0,-8.645196203360683e-08,30198,32.0,0.5,1.0,1.0,3.2532701704295816e-10,32.0,0.5
1.0,1.362310968033853e-06,30199,32.0,0.5,1.0,1.0,1.3455132680178539e-08,32.0,0.5
1.0,-2.6701077331381384e-06,30199,32.0,0.5,1.0,1.0,1.1366114484955612e-09,32.0,0.5
1.0,-4.93457037009648e-07,30200,32.0,0.5,1.0,1.0,0.0,32.0,0.5
1.0,-6.978895612519409e-07,30200,32.0,0.5,1.0,1.0,4.386345509870996e-10,32.0,0.5
1.0,3.729635864146985e-06,30201,32.0,0.5,1.0,1.0,1.060518379629479e-14,32.0,0.5
1.0,-3.1814886369829765e-07,30201,32.0,0.5,1.0,1.0,0.0,32.0,0.5
1.0,-2.7156153237228864e-07,30202,32.0,0.5,1.0,1.0,1.9742828109492418e-07,32.0,0.5
1.0,-1.3962887805973878e-06,30202,32.0,0.5,1.0,1.0,2.479034714225282e-07,32.0,0.5
1.0,-3.03013280245068e-07,30203,32.0,0.5,1.0,1.0,0.0,32.0,0.5
1.0,-1.636452907405328e-06,30203,32.0,0.5,1.0,1.0,8.965778649933388e-12,32.0,0.5
1.0,1.3510514236259041e-06,30204,32.0,0.5,1.0,1.0,0.0,32.0,0.5
1.0,-2.3950378817971796e-06,30204,32.0,0.5,1.0,1.0,0.0,32.0,0.5
1.0,8.222284122894052e-06,30205,32.0,0.5,1.0,1.0,9.259001163647543e-05,32.0,0.5
1.0,1.967049320228398e-05,30205,32.0,0.5,1.0,1.0,0.0001605696514855652,32.0,0.5
1.0,-8.39943368191598e-07,30206,32.0,0.5,1.0,1.0,8.011985767938556e-11,32.0,0.5
1.0,1.93528603631421e-06,30206,32.0,0.5,1.0,1.0,3.520719618321728e-10,32.0,0.5
1.0,0.00028990450664423406,30207,32.0,0.5,1.0,1.0,0.0014516552981902223,32.0,0.5
1.0,-2.3765966261635185e-07,30207,32.0,0.5,1.0,1.0,1.4722332468882676e-05,32.0,0.5
1.0,8.205173799069598e-06,30208,32.0,0.5,1.0,1.0,7.178572379317008e-05,32.0,0.5
1.0,3.937767360184807e-06,30208,32.0,0.5,1.0,1.0,5.6802051527994e-05,32.0,0.5
1.0,-9.130765761256043e-07,30209,32.0,0.5,1.0,1.0,7.062377521915514e-12,32.0,0.5
1.0,2.4344574285350973e-06,30209,32.0,0.5,1.0,1.0,4.837806870530497e-11,32.0,0.5
1.0,-1.3687974842468975e-06,30210,32.0,0.5,1.0,1.0,2.186243255198559e-06,32.0,0.5
1.0,2.86924614556483e-06,30210,32.0,0.5,1.0,1.0,6.529099016601338e-07,32.0,0.5
1.0,-1.4303196849141386e-08,30211,32.0,0.5,1.0,1.0,7.060897137578122e-09,32.0,0.5
1.0,-1.3970241070637712e-06,30211,32.0,0.5,1.0,1.0,6.879093124000689e-09,32.0,0.5
1.0,1.1737720342352986e-06,30212,32.0,0.5,1.0,1.0,1.4869166802772136e-12,32.0,0.5
1.0,-1.0450560239405604e-06,30212,32.0,0.5,1.0,1.0,0.0,32.0,0.5
1.0,2.0285885966586648e-06,30213,32.0,0.5,1.0,1.0,2.1477048538387032e-10,32.0,0.5
1.0,2.7708500738299335e-07,30213,32.0,0.5,1.0,1.0,2.052510810291714e-10,32.0,0.5
1.0,1.3801441127725411e-06,30214,32.0,0.5,1.0,1.0,1.252081235102669e-09,32.0,0.5
1.0,-1.3834055607730988e-06,30214,32.0,0.5,1.0,1.0,2.4264850599359207e-09,32.0,0.5
1.0,8.061696803451923e-07,30215,32.0,0.5,1.0,1.0,1.0609090975082478e-09,32.0,0.5
1.0,-7.802664470091258e-08,30215,32.0,0.5,1.0,1.0,0.0,32.0,0.5
1.0,1.0276337434333982e-06,30216,32.0,0.5,1.0,1.0,3.0493776019144375e-13,32.0,0.5
1.0,-1.1858190873681451e-06,30216,32.0,0.5,1.0,1.0,2.9243565554506217e-12,32.0,0.5
1.0,1.991052158700768e-06,30217,32.0,0.5,1.0,1.0,5.877255134385108e-10,32.0,0.5
1.0,-6.901449296492501e-07,30217,32.0,0.5,1.0,1.0,6.294612526126913e-10,32.0,0.5
1.0,1.0666389016478206e-06,30218,32.0,0.5,1.0,1.0,8.305759626821214e-14,32.0,0.5
1.0,5.864472996108816e-07,30218,32.0,0.5,1.0,1.0,4.173732051187422e-14,32.0,0.5
1.0,2.147919985873159e-06,30219,32.0,0.5,1.0,1.0,1.2677623551724337e-12,32.0,0.5
1.0,6.682341791020008e-08,30219,32.0,0.5,1.0,1.0,1.8607387917402136e-12,32.0,0.5
1.0,-1.6617756273262785e-06,30220,32.0,0.5,1.0,1.0,5.040200144820448e-16,32.0,0.5
1.0,-1.7336001292278524e-06,30220,32.0,0.5,1.0,1.0,3.08203531156128e-13,32.0,0.5
1.0,-4.872351269114006e-07,30221,32.0,0.5,1.0,1.0,7.492561594555161e-16,32.0,0.5
1.0,6.532042107210145e-07,30221,32.0,0.5,1.0,1.0,7.21849380792415e-13,32.0,0.5
1.0,4.03946785354492e-07,30222,32.0,0.5,1.0,1.0,7.326672941770925e-16,32.0,0.5
1.0,7.673030921750978e-08,30222,32.0,0.5,1.0,1.0,1.3379537255124297e-14,32.0,0.5
1.0,3.6491462651611073e-07,30223,32.0,0.5,1.0,1.0,2.8140156769041747e-13,32.0,0.5
1.0,-2.3443550389856682e-07,30223,32.0,0.5,1.0,1.0,1.2332235129990961e-12,32.0,0.5
1.0,1.4573324733646587e-06,30224,32.0,0.5,1.0,1.0,3.726321315435469e-08,32.0,0.5
1.0,2.966472720800084e-07,30224,32.0,0.5,1.0,1.0,3.70272315789089e-08,32.0,0.5
1.0,6.470975222327979e-08,30225,32.0,0.5,1.0,1.0,9.689016295485824e-16,32.0,0.5
1.0,1.059907390299486e-06,30225,32.0,0.5,1.0,1.0,6.669082285528278e-13,32.0,0.5
1.0,3.4835063615901163e-06,30226,32.0,0.5,1.0,1.0,5.008456727875053e-16,32.0,0.5
1.0,1.158424083769205e-06,30226,32.0,0.5,1.0,1.0,8.511259733935733e-16,32.0,0.5
1.0,8.634839332444244e-07,30227,32.0,0.5,1.0,1.0,5.413606080653871e-15,32.0,0.5
1.0,2.694822001103603e-07,30227,32.0,0.5,1.0,1.0,0.0,32.0,0.5
1.0,-7.005180577834835e-07,30228,32.0,0.5,1.0,1.0,2.0864970051841705e-14,32.0,0.5
1.0,6.071496727599879e-07,30228,32.0,0.5,1.0,1.0,1.3896792805599994e-14,32.0,0.5
1.0,5.833006184730039e-07,30229,32.0,0.5,1.0,1.0,2.7445646633343485e-14,32.0,0.5
1.0,-1.6805231553007616e-06,30229,32.0,0.5,1.0,1.0,2.831490058200142e-14,32.0,0.5
1.0,4.221463996145758e-07,30230,32.0,0.5,1.0,1.0,3.226141450203481e-14,32.0,0.5
1.0,1.4560114323103335e-06,30230,32.0,0.5,1.0,1.0,1.9889556799363452e-10,32.0,0.5
1.0,9.254741826225654e-07,30231,32.0,0.5,1.0,1.0,7.484837789693059e-16,32.0,0.5
1.0,-1.6414186347901705e-06,30231,32.0,0.5,1.0,1.0,4.624398382740276e-09,32.0,0.5
1.0,-1.086092765945068e-06,30232,32.0,0.5,1.0,1.0,0.0,32.0,0.5
1.0,1.3721928553422913e-06,30232,32.0,0.5,1.0,1.0,2.3009684835364795e-13,32.0,0.5
1.0,2.6707951406024222e-08,30233,32.0,0.5,1.0,1.0,6.146636531155929e-16,32.0,0.5
1.0,3.9390977235598257e-07,30233,32.0,0.5,1.0,1.0,4.858953410200855e-11,32.0,0.5
1.0,-1.677813372680248e-07,30234,32.0,0.5,1.0,1.0,1.136297812178692e-14,32.0,0.5
1.0,-3.496823808291083e-07,30234,32.0,0.5,1.0,1.0,1.1907839912536126e-13,32.0,0.5
1.0,-1.2473525430323207e-06,30235,32.0,0.5,1.0,1.0,4.196146507661851e-15,32.0,0.5
1.0,-1.3511513543562614e-06,30235,32.0,0.5,1.0,1.0,1.2975274307836805e-16,32.0,0.5
1.0,1.5927573713270249e-06,30236,32.0,0.5,1.0,1.0,1.3346861267929987e-15,32.0,0.5
1.0,9.59688122748048e-07,30236,32.0,0.5,1.0,1.0,1.4245106887321638e-12,32.0,0.5
1.0,4.0686796864974895e-07,30237,32.0,0.5,1.0,1.0,1.0852904129435373e-14,32.0,0.5
1.0,9.545206580696686e-08,30237,32.0,0.5,1.0,1.0,1.1106479595737115e-14,32.0,0.5
1.0,-2.2867952793603763e-06,30238,32.0,0.5,1.0,1.0,0.0,32.0,0.5
1.0,-5.372994564822875e-07,30238,32.0,0.5,1.0,1.0,2.6137847061263234e-16,32.0,0.5
1.0,4.124328825128032e-07,30239,32.0,0.5,1.0,1.0,8.150147307885915e-15,32.0,0.5
1.0,-1.1707534213201143e-06,30239,32.0,0.5,1.0,1.0,4.113770613657214e-13,32.0,0.5
1.0,9.52726054492814e-07,30240,32.0,0.5,1.0,1.0,6.532351012101417e-11,32.0,0.5
1.0,-1.3534133813664084e-08,30240,32.0,0.5,1.0,1.0,0.0,32.0,0.5
1.0,-3.4810955185093917e-07,30241,32.0,0.5,1.0,1.0,8.753466634988808e-16,32.0,0.5
1.0,7.483349691028707e-07,30241,32.0,0.5,1.0,1.0,4.934502948952749e-16,32.0,0.5
1.0,-1.3162956520318403e-06,30242,32.0,0.5,1.0,1.0,2.6762879110945784e-09,32.0,0.5
1.0,4.106926780877984e-07,30242,32.0,0.5,1.0,1.0,5.990463784026705e-09,32.0,0.5
1.0,-2.5858676622192434e-07,30243,32.0,0.5,1.0,1.0,6.771985304748677e-09,32.0,0.5
1.0,2.038266757153906e-06,30243,32.0,0.5,1.0,1.0,1.7981328109910992e-05,32.0,0.5
1.0,-3.567707835827605e-07,30244,32.0,0.5,1.0,1.0,1.1864008727202282e-11,32.0,0.5
1.0,-4.955887789037661e-07,30244,32.0,0.5,1.0,1.0,2.5608116061139537e-11,32.0,0.5
1.0,3.227874458389124e-06,30245,32.0,0.5,1.0,1.0,2.2398022056458426e-09,32.0,0.5
1.0,1.3433352251013275e-05,30245,32.0,0.5,1.0,1.0,0.00011220190720206982,32.0,0.5
1.0,-2.300919277331559e-07,30246,32.0,0.5,1.0,1.0,6.294935310350294e-08,32.0,0.5
1.0,1.6106920384117984e-06,30246,32.0,0.5,1.0,1.0,3.447570233057134e-08,32.0,0.5
1.0,-9.78335265244823e-07,30247,32.0,0.5,1.0,1.0,3.1870184640231798e-12,32.0,0.5
1.0,-2.8033230137225473e-07,30247,32.0,0.5,1.0,1.0,0.0,32.0,0.5
1.0,-3.732841378223384e-07,30248,32.0,0.5,1.0,1.0,9.305531869112636e-13,32.0,0.5
1.0,-8.779471727393684e-08,30248,32.0,0.5,1.0,1.0,8.21384814810982e-13,32.0,0.5
1.0,-1.3279149015943403e-06,30249,32.0,0.5,1.0,1.0,1.980085959019049e-13,32.0,0.5
1.0,-4.949627054884331e-07,30249,32.0,0.5,1.0,1.0,6.222944006240556e-08,32.0,0.5
1.0,4.1683938434289303e-07,30250,32.0,0.5,1.0,1.0,1.307232584907792e-16,32.0,0.5
1.0,-1.0421741762911552e-06,30250,32.0,0.5,1.0,1.0,6.868860799671608e-10,32.0,0.5
1.0,1.374192777348071e-07,30251,32.0,0.5,1.0,1.0,6.7500153959942205e-12,32.0,0.5
1.0,1.9908651438527158e-07,30251,32.0,0.5,1.0,1.0,6.461051854256275e-07,32.0,0.5
1.0,6.97374957780994e-07,30252,32.0,0.5,1.0,1.0,0.0,32.0,0.5
1.0,-2.139250455002184e-06,30252,32.0,0.5,1.0,1.0,0.0,32.0,0.5
1.0,-1.9057731606153538e-06,30253,32.0,0.5,1.0,1.0,1.939057394001642e-15,32.0,0.5
1.0,-2.0466231944737956e-06,30253,32.0,0.5,1.0,1.0,0.0,32.0,0.5
1.0,-7.627763807249721e-07,30254,32.0,0.5,1.0,1.0,2.9451987059756666e-09,32.0,0.5
1.0,2.2528689669343294e-07,30254,32.0,0.5,1.0,1.0,0.0,32.0,0.5
1.0,-7.300287734324229e-07,30255,32.0,0.5,1.0,1.0,6.238541106676674e-14,32.0,0.5
1.0,1.3465187294059433e-06,30255,32.0,0.5,1.0,1.0,8.532368760802726e-16,32.0,0.5
1.0,-4.392340997583233e-07,30256,32.0,0.5,1.0,1.0,1.72107062353586e-14,32.0,0.5
1.0,8.176268693205202e-07,30256,32.0,0.5,1.0,1.0,1.708135949997314e-14,32.0,0.5
1.0,-1.5299864344342495e-06,30257,32.0,0.5,1.0,1.0,5.7083291872536465e-12,32.0,0.5
1.0,1.585229256306775e-06,30257,32.0,0.5,1.0,1.0,5.708844248367742e-12,32.0,0.5
1.0,1.3654430404130835e-06,30258,32.0,0.5,1.0,1.0,3.740148660270863e-16,32.0,0.5
1.0,4.7411106152139837e-07,30258,32.0,0.5,1.0,1.0,2.1284280074504975e-10,32.0,0.5
1.0,7.630793561475002e-07,30259,32.0,0.5,1.0,1.0,0.0,32.0,0.5
1.0,-1.1414870186854387e-06,30259,32.0,0.5,1.0,1.0,0.0,32.0,0.5
0.96875,0.13542822003364563,30260,32.0,0.5,1.0,0.984375,0.0036639802989493152,32.0,0.515625
1.0,9.747288913786178e-07,30260,32.0,0.5,1.0,1.0,6.099561029719296e-06,32.0,0.5
1.0,-2.862985184037825e-06,30261,32.0,0.5,1.0,1.0,0.0,32.0,0.5
1.0,1.0712669791246299e-06,30261,32.0,0.5,1.0,1.0,2.856305783660054e-10,32.0,0.5
1.0,-1.6282359638353228e-07,30262,32.0,0.5,1.0,1.0,8.55232681408672e-12,32.0,0.5
1.0,2.790420694509521e-06,30262,32.0,0.5,1.0,1.0,0.0,32.0,0.5
1.0,-1.1200306744285626e-06,30263,32.0,0.5,1.0,1.0,1.2014883905776037e-08,32.0,0.5
1.0,1.3246412891021464e-06,30263,32.0,0.5,1.0,1.0,1.2133648789494884e-11,32.0,0.5
1.0,2.806370957841864e-06,30264,32.0,0.5,1.0,1.0,6.357099163842673e-06,32.0,0.5
1.0,-2.1813723378727445e-06,30264,32.0,0.5,1.0,1.0,1.3429673152186192e-14,32.0,0.5
1.0,-1.545424311188981e-06,30265,32.0,0.5,1.0,1.0,1.4296824873052215e-14,32.0,0.5
1.0,-8.161936762007826e-07,30265,32.0,0.5,1.0,1.0,3.161770066290516e-14,32.0,0.5
1.0,7.714038474659901e-07,30266,32.0,0.5,1.0,1.0,3.8489299243374915e-13,32.0,0.5
1.0,1.0517533155507408e-07,30266,32.0,0.5,1.0,1.0,2.0380683852655553e-13,32.0,0.5
