raw/disc/disc_acc_gen,raw/disc/disc_loss,raw/disc/global_step,raw/disc/n_generated,raw/disc/disc_proportion_expert_true,raw/disc/disc_acc_expert,raw/disc/disc_acc,raw/disc/disc_entropy,raw/disc/n_expert,raw/disc/disc_proportion_expert_pred
1.0,5.9511778090381995e-05,215544,32.0,0.5,1.0,1.0,0.0,32.0,0.5
1.0,-0.00028760143322870135,215544,32.0,0.5,1.0,1.0,0.0,32.0,0.5
1.0,7.367762009380385e-07,215545,32.0,0.5,1.0,1.0,0.0,32.0,0.5
1.0,-0.00012939680891577154,215545,32.0,0.5,1.0,1.0,0.0,32.0,0.5
1.0,-7.238583930302411e-05,215546,32.0,0.5,1.0,1.0,0.0,32.0,0.5
1.0,-2.6686278943088837e-05,215546,32.0,0.5,1.0,1.0,0.0,32.0,0.5
1.0,-5.866416177013889e-05,215547,32.0,0.5,1.0,1.0,0.0,32.0,0.5
1.0,4.856388477492146e-05,215547,32.0,0.5,1.0,1.0,0.0,32.0,0.5
1.0,0.00016084490926004946,215548,32.0,0.5,1.0,1.0,0.0,32.0,0.5
1.0,-3.1005685741547495e-05,215548,32.0,0.5,1.0,1.0,0.0,32.0,0.5
1.0,1.930336293298751e-05,215549,32.0,0.5,1.0,1.0,0.0,32.0,0.5
1.0,0.00024440191918984056,215549,32.0,0.5,1.0,1.0,0.0,32.0,0.5
1.0,2.7045587557950057e-05,215550,32.0,0.5,1.0,1.0,0.0,32.0,0.5
1.0,9.820137347560376e-05,215550,32.0,0.5,1.0,1.0,0.0,32.0,0.5
1.0,-3.850733628496528e-05,215551,32.0,0.5,1.0,1.0,0.0,32.0,0.5
1.0,3.8985985156614333e-05,215551,32.0,0.5,1.0,1.0,0.0,32.0,0.5
1.0,-5.104835145175457e-05,215552,32.0,0.5,1.0,1.0,0.0,32.0,0.5
1.0,-4.4391450501279905e-05,215552,32.0,0.5,1.0,1.0,0.0,32.0,0.5
1.0,4.356624231149908e-06,215553,32.0,0.5,1.0,1.0,0.0,32.0,0.5
1.0,-3.5933649087382946e-06,215553,32.0,0.5,1.0,1.0,0.0,32.0,0.5
1.0,-1.860561314970255e-05,215554,32.0,0.5,1.0,1.0,0.0,32.0,0.5
1.0,-1.543263715575449e-05,215554,32.0,0.5,1.0,1.0,0.0,32.0,0.5
1.0,-6.607587420148775e-05,215555,32.0,0.5,1.0,1.0,0.0,32.0,0.5
1.0,0.00016944229719229043,215555,32.0,0.5,1.0,1.0,0.0,32.0,0.5
1.0,-0.0002631402458064258,215556,32.0,0.5,1.0,1.0,0.0,32.0,0.5
1.0,-3.472842217888683e-05,215556,32.0,0.5,1.0,1.0,0.0,32.0,0.5
1.0,7.502710650442168e-05,215557,32.0,0.5,1.0,1.0,0.0,32.0,0.5
1.0,-4.529985744738951e-06,215557,32.0,0.5,1.0,1.0,0.0,32.0,0.5
1.0,-8.536886889487505e-05,215558,32.0,0.5,1.0,1.0,0.0,32.0,0.5
1.0,7.820988685125485e-06,215558,32.0,0.5,1.0,1.0,0.0,32.0,0.5
1.0,1.4442839528783225e-05,215559,32.0,0.5,1.0,1.0,0.0,32.0,0.5
1.0,-6.980215403018519e-05,215559,32.0,0.5,1.0,1.0,0.0,32.0,0.5
1.0,-0.0001741750747896731,215560,32.0,0.5,1.0,1.0,0.0,32.0,0.5
1.0,-9.624983067624271e-05,215560,32.0,0.5,1.0,1.0,0.0,32.0,0.5
1.0,-0.00011361670476617292,215561,32.0,0.5,1.0,1.0,0.0,32.0,0.5
1.0,5.9581856476143e-05,215561,32.0,0.5,1.0,1.0,0.0,32.0,0.5
1.0,-2.026819493039511e-05,215562,32.0,0.5,1.0,1.0,0.0,32.0,0.5
1.0,-0.00015161000192165375,215562,32.0,0.5,1.0,1.0,0.0,32.0,0.5
1.0,-9.397546818945557e-06,215563,32.0,0.5,1.0,1.0,0.0,32.0,0.5
1.0,0.00018012654618360102,215563,32.0,0.5,1.0,1.0,0.0,32.0,0.5
1.0,-3.886183549184352e-05,215564,32.0,0.5,1.0,1.0,0.0,32.0,0.5
1.0,-3.756291334866546e-05,215564,32.0,0.5,1.0,1.0,0.0,32.0,0.5
1.0,-5.239277379587293e-05,215565,32.0,0.5,1.0,1.0,0.0,32.0,0.5
1.0,-2.1636442397721112e-05,215565,32.0,0.5,1.0,1.0,0.0,32.0,0.5
1.0,7.275263487827033e-05,215566,32.0,0.5,1.0,1.0,0.0,32.0,0.5
1.0,-0.000121939810924232,215566,32.0,0.5,1.0,1.0,0.0,32.0,0.5
1.0,1.595521462149918e-05,215567,32.0,0.5,1.0,1.0,0.0,32.0,0.5
1.0,-5.928660539211705e-05,215567,32.0,0.5,1.0,1.0,0.0,32.0,0.5
1.0,-2.0403431335580535e-05,215568,32.0,0.5,1.0,1.0,0.0,32.0,0.5
1.0,-3.291208122391254e-05,215568,32.0,0.5,1.0,1.0,0.0,32.0,0.5
1.0,-0.00020605426107067615,215569,32.0,0.5,1.0,1.0,0.0,32.0,0.5
1.0,-4.740706572192721e-05,215569,32.0,0.5,1.0,1.0,0.0,32.0,0.5
1.0,1.8305599951418117e-05,215570,32.0,0.5,1.0,1.0,0.0,32.0,0.5
1.0,2.9144532163627446e-05,215570,32.0,0.5,1.0,1.0,0.0,32.0,0.5
1.0,-1.2797863746527582e-06,215571,32.0,0.5,1.0,1.0,0.0,32.0,0.5
1.0,0.00011229183292016387,215571,32.0,0.5,1.0,1.0,0.0,32.0,0.5
1.0,-1.599688403075561e-06,215572,32.0,0.5,1.0,1.0,0.0,32.0,0.5
1.0,-7.444166112691164e-05,215572,32.0,0.5,1.0,1.0,0.0,32.0,0.5
1.0,4.293934762245044e-05,215573,32.0,0.5,1.0,1.0,0.0,32.0,0.5
1.0,3.2760362955741584e-05,215573,32.0,0.5,1.0,1.0,0.0,32.0,0.5
1.0,-6.976753502385691e-05,215574,32.0,0.5,1.0,1.0,0.0,32.0,0.5
1.0,1.9240702386014163e-05,215574,32.0,0.5,1.0,1.0,0.0,32.0,0.5
1.0,0.0001879674382507801,215575,32.0,0.5,1.0,1.0,0.0,32.0,0.5
1.0,-6.898152059875429e-05,215575,32.0,0.5,1.0,1.0,0.0,32.0,0.5
1.0,1.5170433471212164e-05,215576,32.0,0.5,1.0,1.0,0.0,32.0,0.5
1.0,-6.467540515586734e-05,215576,32.0,0.5,1.0,1.0,0.0,32.0,0.5
1.0,-0.0001920657668961212,215577,32.0,0.5,1.0,1.0,0.0,32.0,0.5
1.0,5.32803351234179e-05,215577,32.0,0.5,1.0,1.0,0.0,32.0,0.5
1.0,-2.8580141588463448e-05,215578,32.0,0.5,1.0,1.0,0.0,32.0,0.5
1.0,4.5649096136912704e-05,215578,32.0,0.5,1.0,1.0,0.0,32.0,0.5
1.0,-6.945135828573257e-05,215579,32.0,0.5,1.0,1.0,0.0,32.0,0.5
1.0,6.038093488314189e-05,215579,32.0,0.5,1.0,1.0,0.0,32.0,0.5
1.0,9.994132415158674e-05,215580,32.0,0.5,1.0,1.0,0.0,32.0,0.5
1.0,0.00017365436360705644,215580,32.0,0.5,1.0,1.0,0.0,32.0,0.5
1.0,-0.00011641634773695841,215581,32.0,0.5,1.0,1.0,0.0,32.0,0.5
1.0,-1.6129386494867504e-05,215581,32.0,0.5,1.0,1.0,0.0,32.0,0.5
1.0,-6.0156766267027706e-05,215582,32.0,0.5,1.0,1.0,0.0,32.0,0.5
1.0,0.00020132839563302696,215582,32.0,0.5,1.0,1.0,0.0,32.0,0.5
1.0,4.672676004702225e-05,215583,32.0,0.5,1.0,1.0,0.0,32.0,0.5
1.0,-1.6289701306959614e-05,215583,32.0,0.5,1.0,1.0,0.0,32.0,0.5
1.0,0.00010747515625553206,215584,32.0,0.5,1.0,1.0,0.0,32.0,0.5
1.0,-3.7607325793942437e-05,215584,32.0,0.5,1.0,1.0,0.0,32.0,0.5
1.0,-2.0871211745543405e-05,215585,32.0,0.5,1.0,1.0,0.0,32.0,0.5
1.0,2.2455140424426645e-05,215585,32.0,0.5,1.0,1.0,0.0,32.0,0.5
1.0,1.556486949993996e-06,215586,32.0,0.5,1.0,1.0,0.0,32.0,0.5
1.0,3.04107743431814e-06,215586,32.0,0.5,1.0,1.0,0.0,32.0,0.5
1.0,5.962881914456375e-05,215587,32.0,0.5,1.0,1.0,0.0,32.0,0.5
1.0,2.6400506612844765e-05,215587,32.0,0.5,1.0,1.0,0.0,32.0,0.5
1.0,5.246747241471894e-05,215588,32.0,0.5,1.0,1.0,0.0,32.0,0.5
1.0,-0.00011175149847986177,215588,32.0,0.5,1.0,1.0,0.0,32.0,0.5
1.0,2.2102602088125423e-05,215589,32.0,0.5,1.0,1.0,0.0,32.0,0.5
1.0,5.5477259593317285e-05,215589,32.0,0.5,1.0,1.0,0.0,32.0,0.5
1.0,3.367886529304087e-05,215590,32.0,0.5,1.0,1.0,0.0,32.0,0.5
1.0,1.5223215086734854e-05,215590,32.0,0.5,1.0,1.0,0.0,32.0,0.5
1.0,-2.1270547222229652e-05,215591,32.0,0.5,1.0,1.0,0.0,32.0,0.5
1.0,-0.00010990297596435994,215591,32.0,0.5,1.0,1.0,0.0,32.0,0.5
1.0,0.00014254009875003248,215592,32.0,0.5,1.0,1.0,0.0,32.0,0.5
1.0,-5.216949648456648e-05,215592,32.0,0.5,1.0,1.0,0.0,32.0,0.5
1.0,-3.6309182178229094e-05,215593,32.0,0.5,1.0,1.0,0.0,32.0,0.5
1.0,-1.0547088095336221e-05,215593,32.0,0.5,1.0,1.0,0.0,32.0,0.5
1.0,-6.371278141159564e-05,215594,32.0,0.5,1.0,1.0,0.0,32.0,0.5
1.0,-0.00013391097309067845,215594,32.0,0.5,1.0,1.0,0.0,32.0,0.5
1.0,0.000103022473922465,215595,32.0,0.5,1.0,1.0,0.0,32.0,0.5
1.0,2.167966522392817e-05,215595,32.0,0.5,1.0,1.0,0.0,32.0,0.5
1.0,0.00010975058830808848,215596,32.0,0.5,1.0,1.0,0.0,32.0,0.5
1.0,-0.00011165969772264361,215596,32.0,0.5,1.0,1.0,0.0,32.0,0.5
1.0,-7.773887045914307e-05,215597,32.0,0.5,1.0,1.0,0.0,32.0,0.5
1.0,-1.3778624634142034e-05,215597,32.0,0.5,1.0,1.0,0.0,32.0,0.5
1.0,0.00014693973935209215,215598,32.0,0.5,1.0,1.0,0.0,32.0,0.5
1.0,-9.438325650990009e-05,215598,32.0,0.5,1.0,1.0,0.0,32.0,0.5
1.0,-0.00014953136269468814,215599,32.0,0.5,1.0,1.0,0.0,32.0,0.5
1.0,1.507105480413884e-06,215599,32.0,0.5,1.0,1.0,0.0,32.0,0.5
1.0,-2.529586708988063e-05,215600,32.0,0.5,1.0,1.0,0.0,32.0,0.5
1.0,-0.0003417077532503754,215600,32.0,0.5,1.0,1.0,0.0,32.0,0.5
1.0,7.868534157751128e-05,215601,32.0,0.5,1.0,1.0,0.0,32.0,0.5
1.0,0.0001028298502205871,215601,32.0,0.5,1.0,1.0,0.0,32.0,0.5
1.0,0.000142655786476098,215602,32.0,0.5,1.0,1.0,0.0,32.0,0.5
1.0,3.725545684574172e-05,215602,32.0,0.5,1.0,1.0,0.0,32.0,0.5
1.0,-6.138057506177574e-05,215603,32.0,0.5,1.0,1.0,0.0,32.0,0.5
1.0,-7.991676829988137e-05,215603,32.0,0.5,1.0,1.0,0.0,32.0,0.5
1.0,3.2592764910077676e-05,215604,32.0,0.5,1.0,1.0,0.0,32.0,0.5
1.0,4.743839963339269e-05,215604,32.0,0.5,1.0,1.0,0.0,32.0,0.5
1.0,8.62309243530035e-05,215605,32.0,0.5,1.0,1.0,0.0,32.0,0.5
1.0,3.44438512911438e-06,215605,32.0,0.5,1.0,1.0,0.0,32.0,0.5
1.0,-7.204010034911335e-05,215606,32.0,0.5,1.0,1.0,0.0,32.0,0.5
1.0,-0.0001454555313102901,215606,32.0,0.5,1.0,1.0,0.0,32.0,0.5
1.0,0.00012362543202470988,215607,32.0,0.5,1.0,1.0,0.0,32.0,0.5
1.0,1.1005509804817848e-05,215607,32.0,0.5,1.0,1.0,0.0,32.0,0.5
1.0,0.00014626691699959338,215608,32.0,0.5,1.0,1.0,0.0,32.0,0.5
1.0,5.663766569341533e-05,215608,32.0,0.5,1.0,1.0,0.0,32.0,0.5
1.0,0.0002533910737838596,215609,32.0,0.5,1.0,1.0,0.0,32.0,0.5
1.0,-0.0001899135095300153,215609,32.0,0.5,1.0,1.0,0.0,32.0,0.5
1.0,4.9327794840792194e-05,215610,32.0,0.5,1.0,1.0,0.0,32.0,0.5
1.0,-3.9708567783236504e-05,215610,32.0,0.5,1.0,1.0,0.0,32.0,0.5
1.0,5.565703759202734e-06,215611,32.0,0.5,1.0,1.0,0.0,32.0,0.5
1.0,8.73915632837452e-06,215611,32.0,0.5,1.0,1.0,0.0,32.0,0.5
1.0,-1.0366107744630426e-05,215612,32.0,0.5,1.0,1.0,0.0,32.0,0.5
1.0,1.9872932170983404e-05,215612,32.0,0.5,1.0,1.0,0.0,32.0,0.5
1.0,-0.00016944702656473964,215613,32.0,0.5,1.0,1.0,0.0,32.0,0.5
1.0,2.23696533794282e-05,215613,32.0,0.5,1.0,1.0,0.0,32.0,0.5
1.0,-1.644242729526013e-05,215614,32.0,0.5,1.0,1.0,0.0,32.0,0.5
1.0,-2.671607580850832e-05,215614,32.0,0.5,1.0,1.0,0.0,32.0,0.5
1.0,-0.00011046504369005561,215615,32.0,0.5,1.0,1.0,0.0,32.0,0.5
1.0,-0.00013265166489873081,215615,32.0,0.5,1.0,1.0,0.0,32.0,0.5
1.0,-0.00013302899606060237,215616,32.0,0.5,1.0,1.0,0.0,32.0,0.5
1.0,-6.308261072263122e-05,215616,32.0,0.5,1.0,1.0,0.0,32.0,0.5
1.0,-2.0531580958049744e-05,215617,32.0,0.5,1.0,1.0,0.0,32.0,0.5
1.0,1.9926716049667448e-05,215617,32.0,0.5,1.0,1.0,0.0,32.0,0.5
1.0,6.589941767742857e-05,215618,32.0,0.5,1.0,1.0,0.0,32.0,0.5
1.0,6.24834792688489e-05,215618,32.0,0.5,1.0,1.0,0.0,32.0,0.5
1.0,0.0001862596400314942,215619,32.0,0.5,1.0,1.0,0.0,32.0,0.5
1.0,6.216924521140754e-05,215619,32.0,0.5,1.0,1.0,0.0,32.0,0.5
1.0,-0.00013605972344521433,215620,32.0,0.5,1.0,1.0,0.0,32.0,0.5
1.0,1.004913792712614e-05,215620,32.0,0.5,1.0,1.0,0.0,32.0,0.5
1.0,-0.000148599807289429,215621,32.0,0.5,1.0,1.0,0.0,32.0,0.5
1.0,-8.636847633169964e-05,215621,32.0,0.5,1.0,1.0,0.0,32.0,0.5
1.0,-3.1709252652945e-05,215622,32.0,0.5,1.0,1.0,0.0,32.0,0.5
1.0,0.00012199997581774369,215622,32.0,0.5,1.0,1.0,0.0,32.0,0.5
1.0,-0.00010742816812125966,215623,32.0,0.5,1.0,1.0,0.0,32.0,0.5
1.0,3.120092151220888e-05,215623,32.0,0.5,1.0,1.0,0.0,32.0,0.5
1.0,-0.000346349086612463,215624,32.0,0.5,1.0,1.0,0.0,32.0,0.5
1.0,-9.372859494760633e-05,215624,32.0,0.5,1.0,1.0,0.0,32.0,0.5
1.0,-8.006995631149039e-05,215625,32.0,0.5,1.0,1.0,0.0,32.0,0.5
1.0,-2.955451054731384e-05,215625,32.0,0.5,1.0,1.0,0.0,32.0,0.5
1.0,-0.00014815511531196535,215626,32.0,0.5,1.0,1.0,0.0,32.0,0.5
1.0,-8.308899850817397e-05,215626,32.0,0.5,1.0,1.0,0.0,32.0,0.5
1.0,-4.545193587546237e-05,215627,32.0,0.5,1.0,1.0,0.0,32.0,0.5
1.0,-5.0382852350594476e-05,215627,32.0,0.5,1.0,1.0,0.0,32.0,0.5
1.0,3.852816007565707e-05,215628,32.0,0.5,1.0,1.0,0.0,32.0,0.5
1.0,8.847353456076235e-05,215628,32.0,0.5,1.0,1.0,0.0,32.0,0.5
1.0,1.546134808450006e-05,215629,32.0,0.5,1.0,1.0,0.0,32.0,0.5
1.0,0.00021298081264831126,215629,32.0,0.5,1.0,1.0,0.0,32.0,0.5
1.0,6.037476850906387e-05,215630,32.0,0.5,1.0,1.0,0.0,32.0,0.5
1.0,3.574382571969181e-05,215630,32.0,0.5,1.0,1.0,0.0,32.0,0.5
1.0,1.8464814274921082e-05,215631,32.0,0.5,1.0,1.0,0.0,32.0,0.5
1.0,7.773209654260427e-05,215631,32.0,0.5,1.0,1.0,0.0,32.0,0.5
1.0,3.606482277973555e-05,215632,32.0,0.5,1.0,1.0,0.0,32.0,0.5
1.0,-7.105027179932222e-05,215632,32.0,0.5,1.0,1.0,0.0,32.0,0.5
1.0,8.791551226750016e-05,215633,32.0,0.5,1.0,1.0,0.0,32.0,0.5
1.0,0.00028354261303320527,215633,32.0,0.5,1.0,1.0,0.0,32.0,0.5
1.0,1.4101640772423707e-05,215634,32.0,0.5,1.0,1.0,0.0,32.0,0.5
1.0,8.215864363592118e-05,215634,32.0,0.5,1.0,1.0,0.0,32.0,0.5
1.0,4.791310493601486e-05,215635,32.0,0.5,1.0,1.0,0.0,32.0,0.5
1.0,7.306637417059392e-05,215635,32.0,0.5,1.0,1.0,0.0,32.0,0.5
1.0,-9.484230395173654e-05,215636,32.0,0.5,1.0,1.0,0.0,32.0,0.5
1.0,0.00013076802133582532,215636,32.0,0.5,1.0,1.0,0.0,32.0,0.5
1.0,0.00027628877433016896,215637,32.0,0.5,1.0,1.0,0.0,32.0,0.5
1.0,-5.751784556196071e-05,215637,32.0,0.5,1.0,1.0,0.0,32.0,0.5
1.0,-6.743633275618777e-05,215638,32.0,0.5,1.0,1.0,0.0,32.0,0.5
1.0,3.179378836648539e-05,215638,32.0,0.5,1.0,1.0,0.0,32.0,0.5
1.0,-0.00014869857113808393,215639,32.0,0.5,1.0,1.0,0.0,32.0,0.5
1.0,-3.0413619242608547e-05,215639,32.0,0.5,1.0,1.0,0.0,32.0,0.5
1.0,9.729246085043997e-05,215640,32.0,0.5,1.0,1.0,0.0,32.0,0.5
1.0,7.242954598041251e-05,215640,32.0,0.5,1.0,1.0,0.0,32.0,0.5
1.0,-3.081110480707139e-05,215641,32.0,0.5,1.0,1.0,0.0,32.0,0.5
1.0,4.2574331018840894e-05,215641,32.0,0.5,1.0,1.0,0.0,32.0,0.5
1.0,-6.571775884367526e-05,215642,32.0,0.5,1.0,1.0,0.0,32.0,0.5
1.0,1.2573262210935354e-05,215642,32.0,0.5,1.0,1.0,0.0,32.0,0.5
1.0,6.472156383097172e-05,215643,32.0,0.5,1.0,1.0,0.0,32.0,0.5
1.0,1.4067816664464772e-05,215643,32.0,0.5,1.0,1.0,0.0,32.0,0.5
1.0,-7.543946412624791e-05,215644,32.0,0.5,1.0,1.0,0.0,32.0,0.5
1.0,5.131339275976643e-05,215644,32.0,0.5,1.0,1.0,0.0,32.0,0.5
1.0,6.576578016392887e-05,215645,32.0,0.5,1.0,1.0,0.0,32.0,0.5
1.0,-0.00012329588935244828,215645,32.0,0.5,1.0,1.0,0.0,32.0,0.5
1.0,-3.6046752939000726e-05,215646,32.0,0.5,1.0,1.0,0.0,32.0,0.5
1.0,-1.1933595487789717e-05,215646,32.0,0.5,1.0,1.0,0.0,32.0,0.5
1.0,6.61657759337686e-05,215647,32.0,0.5,1.0,1.0,0.0,32.0,0.5
1.0,0.00010983612446580082,215647,32.0,0.5,1.0,1.0,0.0,32.0,0.5
1.0,-0.00012157919991295785,215648,32.0,0.5,1.0,1.0,0.0,32.0,0.5
1.0,7.816859579179436e-05,215648,32.0,0.5,1.0,1.0,0.0,32.0,0.5
1.0,0.00011149555211886764,215649,32.0,0.5,1.0,1.0,0.0,32.0,0.5
1.0,9.649707862990908e-06,215649,32.0,0.5,1.0,1.0,0.0,32.0,0.5
1.0,5.179663639864884e-05,215650,32.0,0.5,1.0,1.0,0.0,32.0,0.5
1.0,4.635022924048826e-05,215650,32.0,0.5,1.0,1.0,0.0,32.0,0.5
1.0,5.567748303292319e-05,215651,32.0,0.5,1.0,1.0,0.0,32.0,0.5
1.0,1.4709960851178039e-05,215651,32.0,0.5,1.0,1.0,0.0,32.0,0.5
1.0,9.300585952587426e-05,215652,32.0,0.5,1.0,1.0,0.0,32.0,0.5
1.0,-3.5514232877176255e-05,215652,32.0,0.5,1.0,1.0,0.0,32.0,0.5
1.0,-6.402825238183141e-05,215653,32.0,0.5,1.0,1.0,0.0,32.0,0.5
1.0,1.0067698894999921e-05,215653,32.0,0.5,1.0,1.0,0.0,32.0,0.5
1.0,9.78221942204982e-05,215654,32.0,0.5,1.0,1.0,0.0,32.0,0.5
1.0,8.144781168084592e-05,215654,32.0,0.5,1.0,1.0,0.0,32.0,0.5
1.0,0.00010057739564217627,215655,32.0,0.5,1.0,1.0,0.0,32.0,0.5
1.0,2.8429309168132022e-05,215655,32.0,0.5,1.0,1.0,0.0,32.0,0.5
1.0,-4.161852120887488e-05,215656,32.0,0.5,1.0,1.0,0.0,32.0,0.5
1.0,0.0001293876557610929,215656,32.0,0.5,1.0,1.0,0.0,32.0,0.5
1.0,-0.00015692156739532948,215657,32.0,0.5,1.0,1.0,0.0,32.0,0.5
1.0,-0.00010290872887708247,215657,32.0,0.5,1.0,1.0,0.0,32.0,0.5
1.0,-0.0001670978672336787,215658,32.0,0.5,1.0,1.0,0.0,32.0,0.5
1.0,-7.96633175923489e-05,215658,32.0,0.5,1.0,1.0,0.0,32.0,0.5
1.0,-2.345866960240528e-05,215659,32.0,0.5,1.0,1.0,0.0,32.0,0.5
1.0,1.5321649698307738e-05,215659,32.0,0.5,1.0,1.0,0.0,32.0,0.5
1.0,4.887948671239428e-05,215660,32.0,0.5,1.0,1.0,0.0,32.0,0.5
1.0,-6.759367533959448e-05,215660,32.0,0.5,1.0,1.0,0.0,32.0,0.5
1.0,6.308592855930328e-05,215661,32.0,0.5,1.0,1.0,0.0,32.0,0.5
1.0,-0.00012622453505173326,215661,32.0,0.5,1.0,1.0,0.0,32.0,0.5
1.0,-4.334712866693735e-05,215662,32.0,0.5,1.0,1.0,0.0,32.0,0.5
1.0,0.00011232082033529878,215662,32.0,0.5,1.0,1.0,0.0,32.0,0.5
1.0,-0.0002491383347660303,215663,32.0,0.5,1.0,1.0,0.0,32.0,0.5
1.0,-0.0002469625324010849,215663,32.0,0.5,1.0,1.0,0.0,32.0,0.5
1.0,-0.0001461858191760257,215664,32.0,0.5,1.0,1.0,0.0,32.0,0.5
1.0,-0.00010066335380543023,215664,32.0,0.5,1.0,1.0,0.0,32.0,0.5
1.0,-5.0063812523148954e-05,215665,32.0,0.5,1.0,1.0,0.0,32.0,0.5
1.0,2.0210942238918506e-05,215665,32.0,0.5,1.0,1.0,0.0,32.0,0.5
1.0,-5.959460395388305e-05,215666,32.0,0.5,1.0,1.0,0.0,32.0,0.5
1.0,5.291480556479655e-05,215666,32.0,0.5,1.0,1.0,0.0,32.0,0.5
1.0,-0.00012038182467222214,215667,32.0,0.5,1.0,1.0,0.0,32.0,0.5
1.0,0.00010727404151111841,215667,32.0,0.5,1.0,1.0,0.0,32.0,0.5
1.0,-1.9838669686578214e-05,215668,32.0,0.5,1.0,1.0,0.0,32.0,0.5
1.0,1.021818934532348e-05,215668,32.0,0.5,1.0,1.0,0.0,32.0,0.5
1.0,-7.754274702165276e-05,215669,32.0,0.5,1.0,1.0,0.0,32.0,0.5
1.0,-3.6030069168191403e-06,215669,32.0,0.5,1.0,1.0,0.0,32.0,0.5
1.0,9.137263259617612e-05,215670,32.0,0.5,1.0,1.0,0.0,32.0,0.5
1.0,5.633922046399675e-05,215670,32.0,0.5,1.0,1.0,0.0,32.0,0.5
1.0,4.1453986341366544e-05,215671,32.0,0.5,1.0,1.0,0.0,32.0,0.5
1.0,-7.614911737618968e-06,215671,32.0,0.5,1.0,1.0,0.0,32.0,0.5
1.0,-2.7571401005843654e-05,215672,32.0,0.5,1.0,1.0,0.0,32.0,0.5
1.0,-0.00014292568084783852,215672,32.0,0.5,1.0,1.0,0.0,32.0,0.5
1.0,-1.831157715059817e-05,215673,32.0,0.5,1.0,1.0,0.0,32.0,0.5
1.0,-7.088252459652722e-05,215673,32.0,0.5,1.0,1.0,0.0,32.0,0.5
1.0,8.399655052926391e-05,215674,32.0,0.5,1.0,1.0,0.0,32.0,0.5
1.0,1.9871669792337343e-05,215674,32.0,0.5,1.0,1.0,0.0,32.0,0.5
1.0,-0.00010246710735373199,215675,32.0,0.5,1.0,1.0,0.0,32.0,0.5
1.0,0.00016108527779579163,215675,32.0,0.5,1.0,1.0,0.0,32.0,0.5
1.0,5.284135841066018e-05,215676,32.0,0.5,1.0,1.0,0.0,32.0,0.5
1.0,-5.237396908341907e-05,215676,32.0,0.5,1.0,1.0,0.0,32.0,0.5
1.0,3.655353430076502e-05,215677,32.0,0.5,1.0,1.0,0.0,32.0,0.5
1.0,-1.8744292901828885e-05,215677,32.0,0.5,1.0,1.0,0.0,32.0,0.5
1.0,-0.00019900983897969127,215678,32.0,0.5,1.0,1.0,0.0,32.0,0.5
1.0,0.00019274755322840065,215678,32.0,0.5,1.0,1.0,0.0,32.0,0.5
1.0,-6.173289148136973e-05,215679,32.0,0.5,1.0,1.0,0.0,32.0,0.5
1.0,8.637142309453338e-05,215679,32.0,0.5,1.0,1.0,0.0,32.0,0.5
1.0,-1.09889151644893e-06,215680,32.0,0.5,1.0,1.0,0.0,32.0,0.5
1.0,0.0001673035731073469,215680,32.0,0.5,1.0,1.0,0.0,32.0,0.5
1.0,-7.428743992932141e-05,215681,32.0,0.5,1.0,1.0,0.0,32.0,0.5
1.0,1.407407944498118e-05,215681,32.0,0.5,1.0,1.0,0.0,32.0,0.5
1.0,0.00018885117606259882,215682,32.0,0.5,1.0,1.0,0.0,32.0,0.5
1.0,-7.618570089107379e-05,215682,32.0,0.5,1.0,1.0,0.0,32.0,0.5
1.0,0.00019876478472724557,215683,32.0,0.5,1.0,1.0,0.0,32.0,0.5
1.0,1.3685123121831566e-05,215683,32.0,0.5,1.0,1.0,0.0,32.0,0.5
1.0,-0.00010864167416002601,215684,32.0,0.5,1.0,1.0,0.0,32.0,0.5
1.0,-2.9900937079219148e-05,215684,32.0,0.5,1.0,1.0,0.0,32.0,0.5
1.0,2.022610351559706e-05,215685,32.0,0.5,1.0,1.0,0.0,32.0,0.5
1.0,-3.1868104997556657e-05,215685,32.0,0.5,1.0,1.0,0.0,32.0,0.5
1.0,-8.619093568995595e-05,215686,32.0,0.5,1.0,1.0,0.0,32.0,0.5
1.0,-0.00015787262236699462,215686,32.0,0.5,1.0,1.0,0.0,32.0,0.5
1.0,-2.180398951168172e-05,215687,32.0,0.5,1.0,1.0,0.0,32.0,0.5
1.0,8.415816409979016e-06,215687,32.0,0.5,1.0,1.0,0.0,32.0,0.5
1.0,-0.00015302338579203933,215688,32.0,0.5,1.0,1.0,0.0,32.0,0.5
1.0,-0.00013951468281447887,215688,32.0,0.5,1.0,1.0,0.0,32.0,0.5
1.0,-4.0787854231894016e-05,215689,32.0,0.5,1.0,1.0,0.0,32.0,0.5
1.0,-0.00011036318755941465,215689,32.0,0.5,1.0,1.0,0.0,32.0,0.5
1.0,-1.3345157640287653e-05,215690,32.0,0.5,1.0,1.0,0.0,32.0,0.5
1.0,-2.105027851939667e-05,215690,32.0,0.5,1.0,1.0,0.0,32.0,0.5
1.0,3.3761894883355126e-05,215691,32.0,0.5,1.0,1.0,0.0,32.0,0.5
1.0,-6.190755084389821e-05,215691,32.0,0.5,1.0,1.0,0.0,32.0,0.5
1.0,-0.0001363905903417617,215692,32.0,0.5,1.0,1.0,0.0,32.0,0.5
1.0,-0.00012337979569565505,215692,32.0,0.5,1.0,1.0,0.0,32.0,0.5
1.0,4.5043259888188913e-05,215693,32.0,0.5,1.0,1.0,0.0,32.0,0.5
1.0,1.000098927761428e-05,215693,32.0,0.5,1.0,1.0,0.0,32.0,0.5
1.0,-0.0002568927884567529,215694,32.0,0.5,1.0,1.0,0.0,32.0,0.5
1.0,-3.411079160287045e-05,215694,32.0,0.5,1.0,1.0,0.0,32.0,0.5
1.0,-0.00022200142848305404,215695,32.0,0.5,1.0,1.0,0.0,32.0,0.5
1.0,0.00011143337178509682,215695,32.0,0.5,1.0,1.0,0.0,32.0,0.5
1.0,6.251955346670002e-05,215696,32.0,0.5,1.0,1.0,0.0,32.0,0.5
1.0,-0.00017582712462171912,215696,32.0,0.5,1.0,1.0,0.0,32.0,0.5
1.0,-7.518264465034008e-05,215697,32.0,0.5,1.0,1.0,0.0,32.0,0.5
1.0,-0.0002232202677987516,215697,32.0,0.5,1.0,1.0,0.0,32.0,0.5
1.0,-7.264440500875935e-05,215698,32.0,0.5,1.0,1.0,0.0,32.0,0.5
1.0,-7.253913645399734e-05,215698,32.0,0.5,1.0,1.0,0.0,32.0,0.5
1.0,-5.5542717745993286e-05,215699,32.0,0.5,1.0,1.0,0.0,32.0,0.5
1.0,-4.0796112443786114e-05,215699,32.0,0.5,1.0,1.0,0.0,32.0,0.5
1.0,-6.50406873319298e-05,215700,32.0,0.5,1.0,1.0,0.0,32.0,0.5
1.0,-4.0131810237653553e-05,215700,32.0,0.5,1.0,1.0,0.0,32.0,0.5
1.0,0.00016628889716230333,215701,32.0,0.5,1.0,1.0,0.0,32.0,0.5
1.0,5.699551911675371e-05,215701,32.0,0.5,1.0,1.0,0.0,32.0,0.5
1.0,-2.2673237253911793e-05,215702,32.0,0.5,1.0,1.0,0.0,32.0,0.5
1.0,3.4184649848612025e-05,215702,32.0,0.5,1.0,1.0,0.0,32.0,0.5
1.0,-0.0001048872945830226,215703,32.0,0.5,1.0,1.0,0.0,32.0,0.5
1.0,6.745966675225645e-05,215703,32.0,0.5,1.0,1.0,0.0,32.0,0.5
1.0,1.5974161215126514e-05,215704,32.0,0.5,1.0,1.0,0.0,32.0,0.5
1.0,4.7780078602954745e-05,215704,32.0,0.5,1.0,1.0,0.0,32.0,0.5
1.0,0.0003650587750598788,215705,32.0,0.5,1.0,1.0,0.0,32.0,0.5
1.0,-2.4553188268328086e-05,215705,32.0,0.5,1.0,1.0,0.0,32.0,0.5
1.0,0.0001193008865811862,215706,32.0,0.5,1.0,1.0,0.0,32.0,0.5
1.0,-5.89643677813001e-05,215706,32.0,0.5,1.0,1.0,0.0,32.0,0.5
1.0,1.5749024896649644e-05,215707,32.0,0.5,1.0,1.0,0.0,32.0,0.5
1.0,6.545429641846567e-05,215707,32.0,0.5,1.0,1.0,0.0,32.0,0.5
1.0,0.0003738235682249069,215708,32.0,0.5,1.0,1.0,0.0,32.0,0.5
1.0,-0.00017025684064719826,215708,32.0,0.5,1.0,1.0,0.0,32.0,0.5
1.0,-2.6685258490033448e-05,215709,32.0,0.5,1.0,1.0,0.0,32.0,0.5
1.0,-9.768044401425868e-05,215709,32.0,0.5,1.0,1.0,0.0,32.0,0.5
1.0,3.750608448171988e-05,215710,32.0,0.5,1.0,1.0,0.0,32.0,0.5
1.0,-1.8391130652162246e-05,215710,32.0,0.5,1.0,1.0,0.0,32.0,0.5
1.0,-0.00018243002705276012,215711,32.0,0.5,1.0,1.0,0.0,32.0,0.5
1.0,1.595161302248016e-05,215711,32.0,0.5,1.0,1.0,0.0,32.0,0.5
1.0,-2.825980118359439e-05,215712,32.0,0.5,1.0,1.0,0.0,32.0,0.5
1.0,-0.0002738589537329972,215712,32.0,0.5,1.0,1.0,0.0,32.0,0.5
1.0,-0.0001159456223831512,215713,32.0,0.5,1.0,1.0,0.0,32.0,0.5
1.0,-2.0684528863057494e-06,215713,32.0,0.5,1.0,1.0,0.0,32.0,0.5
1.0,1.4254375855671242e-05,215714,32.0,0.5,1.0,1.0,0.0,32.0,0.5
1.0,4.917053956887685e-05,215714,32.0,0.5,1.0,1.0,0.0,32.0,0.5
1.0,-0.00013906715321354568,215715,32.0,0.5,1.0,1.0,0.0,32.0,0.5
1.0,3.983831629739143e-05,215715,32.0,0.5,1.0,1.0,0.0,32.0,0.5
1.0,3.2944735721684992e-06,215716,32.0,0.5,1.0,1.0,0.0,32.0,0.5
1.0,2.3110376787371933e-05,215716,32.0,0.5,1.0,1.0,0.0,32.0,0.5
1.0,1.4044497220311314e-05,215717,32.0,0.5,1.0,1.0,0.0,32.0,0.5
1.0,-5.121099093230441e-05,215717,32.0,0.5,1.0,1.0,0.0,32.0,0.5
1.0,0.0001905742392409593,215718,32.0,0.5,1.0,1.0,0.0,32.0,0.5
1.0,4.311038719606586e-05,215718,32.0,0.5,1.0,1.0,0.0,32.0,0.5
1.0,9.128532838076353e-05,215719,32.0,0.5,1.0,1.0,0.0,32.0,0.5
1.0,-4.420782715897076e-06,215719,32.0,0.5,1.0,1.0,0.0,32.0,0.5
1.0,-3.461826054262929e-05,215720,32.0,0.5,1.0,1.0,0.0,32.0,0.5
1.0,0.00011394581815693527,215720,32.0,0.5,1.0,1.0,0.0,32.0,0.5
1.0,0.00034856132697314024,215721,32.0,0.5,1.0,1.0,0.0,32.0,0.5
1.0,-0.0001275026152143255,215721,32.0,0.5,1.0,1.0,0.0,32.0,0.5
1.0,-2.3542339476989582e-05,215722,32.0,0.5,1.0,1.0,0.0,32.0,0.5
1.0,-4.4768021325580776e-05,215722,32.0,0.5,1.0,1.0,0.0,32.0,0.5
1.0,5.101426359033212e-05,215723,32.0,0.5,1.0,1.0,0.0,32.0,0.5
1.0,-9.749652235768735e-06,215723,32.0,0.5,1.0,1.0,0.0,32.0,0.5
1.0,-6.206034595379606e-05,215724,32.0,0.5,1.0,1.0,0.0,32.0,0.5
1.0,-1.571253960719332e-05,215724,32.0,0.5,1.0,1.0,0.0,32.0,0.5
1.0,-0.00011904639541171491,215725,32.0,0.5,1.0,1.0,0.0,32.0,0.5
1.0,6.349525938276201e-05,215725,32.0,0.5,1.0,1.0,0.0,32.0,0.5
1.0,0.00011906283907592297,215726,32.0,0.5,1.0,1.0,0.0,32.0,0.5
1.0,-0.00024363541160710156,215726,32.0,0.5,1.0,1.0,0.0,32.0,0.5
1.0,1.6197445802390575e-05,215727,32.0,0.5,1.0,1.0,0.0,32.0,0.5
1.0,-0.00024508556816726923,215727,32.0,0.5,1.0,1.0,0.0,32.0,0.5
1.0,-0.000140574891702272,215728,32.0,0.5,1.0,1.0,0.0,32.0,0.5
1.0,2.0612711523426697e-05,215728,32.0,0.5,1.0,1.0,0.0,32.0,0.5
1.0,-7.250522685353644e-06,215729,32.0,0.5,1.0,1.0,0.0,32.0,0.5
1.0,-4.8173485993174836e-05,215729,32.0,0.5,1.0,1.0,0.0,32.0,0.5
1.0,2.889420466090087e-05,215730,32.0,0.5,1.0,1.0,0.0,32.0,0.5
1.0,2.640706952661276e-06,215730,32.0,0.5,1.0,1.0,0.0,32.0,0.5
1.0,0.00013867394591215998,215731,32.0,0.5,1.0,1.0,0.0,32.0,0.5
1.0,-1.989964221138507e-05,215731,32.0,0.5,1.0,1.0,0.0,32.0,0.5
1.0,2.311972639290616e-05,215732,32.0,0.5,1.0,1.0,0.0,32.0,0.5
1.0,0.00011183114838786423,215732,32.0,0.5,1.0,1.0,0.0,32.0,0.5
1.0,6.063837645342574e-07,215733,32.0,0.5,1.0,1.0,0.0,32.0,0.5
1.0,-6.139359902590513e-05,215733,32.0,0.5,1.0,1.0,0.0,32.0,0.5
1.0,-0.0002469001628924161,215734,32.0,0.5,1.0,1.0,0.0,32.0,0.5
1.0,-5.46126721019391e-05,215734,32.0,0.5,1.0,1.0,0.0,32.0,0.5
1.0,0.00018060937873087823,215735,32.0,0.5,1.0,1.0,0.0,32.0,0.5
1.0,-7.6584707130678e-05,215735,32.0,0.5,1.0,1.0,0.0,32.0,0.5
1.0,-8.859029912855476e-05,215736,32.0,0.5,1.0,1.0,0.0,32.0,0.5
1.0,-0.00014685776841361076,215736,32.0,0.5,1.0,1.0,0.0,32.0,0.5
1.0,4.533939863904379e-05,215737,32.0,0.5,1.0,1.0,0.0,32.0,0.5
1.0,-6.539440073538572e-05,215737,32.0,0.5,1.0,1.0,0.0,32.0,0.5
1.0,0.00014541757991537452,215738,32.0,0.5,1.0,1.0,0.0,32.0,0.5
1.0,0.0002778778725769371,215738,32.0,0.5,1.0,1.0,0.0,32.0,0.5
1.0,2.1350286260712892e-05,215739,32.0,0.5,1.0,1.0,0.0,32.0,0.5
1.0,-6.34228708804585e-05,215739,32.0,0.5,1.0,1.0,0.0,32.0,0.5
1.0,3.8176563975866884e-05,215740,32.0,0.5,1.0,1.0,0.0,32.0,0.5
1.0,3.120399924227968e-05,215740,32.0,0.5,1.0,1.0,0.0,32.0,0.5
1.0,6.645568646490574e-06,215741,32.0,0.5,1.0,1.0,0.0,32.0,0.5
1.0,0.00010487176041351631,215741,32.0,0.5,1.0,1.0,0.0,32.0,0.5
1.0,-0.00019935904128942639,215742,32.0,0.5,1.0,1.0,0.0,32.0,0.5
1.0,6.353058415697888e-05,215742,32.0,0.5,1.0,1.0,0.0,32.0,0.5
1.0,0.0001459610357414931,215743,32.0,0.5,1.0,1.0,0.0,32.0,0.5
1.0,0.00019502066425047815,215743,32.0,0.5,1.0,1.0,0.0,32.0,0.5
1.0,-1.3730490536545403e-05,215744,32.0,0.5,1.0,1.0,0.0,32.0,0.5
1.0,5.7973207731265575e-05,215744,32.0,0.5,1.0,1.0,0.0,32.0,0.5
1.0,-4.3714375351555645e-05,215745,32.0,0.5,1.0,1.0,0.0,32.0,0.5
1.0,-3.531103357090615e-05,215745,32.0,0.5,1.0,1.0,0.0,32.0,0.5
1.0,0.0002598077116999775,215746,32.0,0.5,1.0,1.0,0.0,32.0,0.5
1.0,-7.870472472859547e-05,215746,32.0,0.5,1.0,1.0,0.0,32.0,0.5
1.0,4.235080268699676e-06,215747,32.0,0.5,1.0,1.0,0.0,32.0,0.5
1.0,-3.581331839086488e-06,215747,32.0,0.5,1.0,1.0,0.0,32.0,0.5
1.0,-6.865596515126526e-05,215748,32.0,0.5,1.0,1.0,0.0,32.0,0.5
1.0,3.827629188890569e-05,215748,32.0,0.5,1.0,1.0,0.0,32.0,0.5
1.0,3.2261177693726495e-05,215749,32.0,0.5,1.0,1.0,0.0,32.0,0.5
1.0,7.130001904442906e-06,215749,32.0,0.5,1.0,1.0,0.0,32.0,0.5
1.0,-2.9439492209348828e-05,215750,32.0,0.5,1.0,1.0,0.0,32.0,0.5
1.0,0.00015263890963979065,215750,32.0,0.5,1.0,1.0,0.0,32.0,0.5
1.0,-4.5711014536209404e-05,215751,32.0,0.5,1.0,1.0,0.0,32.0,0.5
1.0,-0.00033428758615627885,215751,32.0,0.5,1.0,1.0,0.0,32.0,0.5
1.0,-6.882703746668994e-05,215752,32.0,0.5,1.0,1.0,0.0,32.0,0.5
1.0,-7.072796870488673e-05,215752,32.0,0.5,1.0,1.0,0.0,32.0,0.5
1.0,0.00015278065984603018,215753,32.0,0.5,1.0,1.0,0.0,32.0,0.5
1.0,1.904376404127106e-05,215753,32.0,0.5,1.0,1.0,0.0,32.0,0.5
1.0,0.0003227654960937798,215754,32.0,0.5,1.0,1.0,0.0,32.0,0.5
1.0,-0.00014582794392481446,215754,32.0,0.5,1.0,1.0,0.0,32.0,0.5
1.0,-4.210288170725107e-05,215755,32.0,0.5,1.0,1.0,0.0,32.0,0.5
1.0,6.952153489692137e-05,215755,32.0,0.5,1.0,1.0,0.0,32.0,0.5
1.0,0.00015356441144831479,215756,32.0,0.5,1.0,1.0,0.0,32.0,0.5
1.0,3.277301584603265e-05,215756,32.0,0.5,1.0,1.0,0.0,32.0,0.5
1.0,0.00012988604430574924,215757,32.0,0.5,1.0,1.0,0.0,32.0,0.5
1.0,-0.0001287244667764753,215757,32.0,0.5,1.0,1.0,0.0,32.0,0.5
1.0,2.3407885237247683e-05,215758,32.0,0.5,1.0,1.0,0.0,32.0,0.5
1.0,2.603346547402907e-05,215758,32.0,0.5,1.0,1.0,0.0,32.0,0.5
1.0,-1.1777341569541022e-05,215759,32.0,0.5,1.0,1.0,0.0,32.0,0.5
1.0,-9.635182505007833e-05,215759,32.0,0.5,1.0,1.0,0.0,32.0,0.5
1.0,3.620800271164626e-06,215760,32.0,0.5,1.0,1.0,0.0,32.0,0.5
1.0,2.3093396521289833e-05,215760,32.0,0.5,1.0,1.0,0.0,32.0,0.5
1.0,-0.0001308067876379937,215761,32.0,0.5,1.0,1.0,0.0,32.0,0.5
1.0,-5.699409666704014e-05,215761,32.0,0.5,1.0,1.0,0.0,32.0,0.5
1.0,0.00018238114716950804,215762,32.0,0.5,1.0,1.0,0.0,32.0,0.5
1.0,2.8551065042847767e-05,215762,32.0,0.5,1.0,1.0,0.0,32.0,0.5
1.0,-0.00018362408445682377,215763,32.0,0.5,1.0,1.0,0.0,32.0,0.5
1.0,9.750435128808022e-05,215763,32.0,0.5,1.0,1.0,0.0,32.0,0.5
1.0,-5.422084723250009e-05,215764,32.0,0.5,1.0,1.0,0.0,32.0,0.5
1.0,-0.000144444580655545,215764,32.0,0.5,1.0,1.0,0.0,32.0,0.5
1.0,2.0363386283861473e-06,215765,32.0,0.5,1.0,1.0,0.0,32.0,0.5
1.0,-2.245899122499395e-05,215765,32.0,0.5,1.0,1.0,0.0,32.0,0.5
1.0,-7.308906788239256e-05,215766,32.0,0.5,1.0,1.0,0.0,32.0,0.5
1.0,-5.992699152557179e-05,215766,32.0,0.5,1.0,1.0,0.0,32.0,0.5
1.0,0.00012802444689441472,215767,32.0,0.5,1.0,1.0,0.0,32.0,0.5
1.0,7.755935803288594e-05,215767,32.0,0.5,1.0,1.0,0.0,32.0,0.5
1.0,8.37837578728795e-05,215768,32.0,0.5,1.0,1.0,0.0,32.0,0.5
1.0,4.1127474105451256e-05,215768,32.0,0.5,1.0,1.0,0.0,32.0,0.5
1.0,3.908191865775734e-05,215769,32.0,0.5,1.0,1.0,0.0,32.0,0.5
1.0,-4.100874502910301e-05,215769,32.0,0.5,1.0,1.0,0.0,32.0,0.5
1.0,5.4006850405130535e-05,215770,32.0,0.5,1.0,1.0,0.0,32.0,0.5
1.0,1.7377082258462906e-05,215770,32.0,0.5,1.0,1.0,0.0,32.0,0.5
1.0,-1.0870207916013896e-06,215771,32.0,0.5,1.0,1.0,0.0,32.0,0.5
1.0,-0.00018140656175091863,215771,32.0,0.5,1.0,1.0,0.0,32.0,0.5
1.0,-0.00015506884665228426,215772,32.0,0.5,1.0,1.0,0.0,32.0,0.5
1.0,7.829986861906946e-05,215772,32.0,0.5,1.0,1.0,0.0,32.0,0.5
1.0,0.000153879911522381,215773,32.0,0.5,1.0,1.0,0.0,32.0,0.5
1.0,6.766020669601858e-05,215773,32.0,0.5,1.0,1.0,0.0,32.0,0.5
1.0,-0.00024097500136122108,215774,32.0,0.5,1.0,1.0,0.0,32.0,0.5
1.0,0.00014090398326516151,215774,32.0,0.5,1.0,1.0,0.0,32.0,0.5
1.0,-0.00018307358550373465,215775,32.0,0.5,1.0,1.0,0.0,32.0,0.5
1.0,-9.830232738750055e-05,215775,32.0,0.5,1.0,1.0,0.0,32.0,0.5
1.0,-0.0001930197176989168,215776,32.0,0.5,1.0,1.0,0.0,32.0,0.5
1.0,4.595269274432212e-05,215776,32.0,0.5,1.0,1.0,0.0,32.0,0.5
1.0,6.720913370372728e-05,215777,32.0,0.5,1.0,1.0,0.0,32.0,0.5
1.0,-1.2347209121799096e-05,215777,32.0,0.5,1.0,1.0,0.0,32.0,0.5
1.0,-9.121504263021052e-06,215778,32.0,0.5,1.0,1.0,0.0,32.0,0.5
1.0,-9.407050674781203e-05,215778,32.0,0.5,1.0,1.0,0.0,32.0,0.5
1.0,9.62385383900255e-05,215779,32.0,0.5,1.0,1.0,0.0,32.0,0.5
1.0,-8.393439202336594e-06,215779,32.0,0.5,1.0,1.0,0.0,32.0,0.5
1.0,-0.0002472628839313984,215780,32.0,0.5,1.0,1.0,0.0,32.0,0.5
1.0,0.00027277195476926863,215780,32.0,0.5,1.0,1.0,0.0,32.0,0.5
1.0,-0.00013140254304744303,215781,32.0,0.5,1.0,1.0,0.0,32.0,0.5
1.0,0.00012222335499245673,215781,32.0,0.5,1.0,1.0,0.0,32.0,0.5
1.0,-0.00047338148579001427,215782,32.0,0.5,1.0,1.0,0.0,32.0,0.5
1.0,-1.3420778486761265e-05,215782,32.0,0.5,1.0,1.0,0.0,32.0,0.5
1.0,6.11918221693486e-05,215783,32.0,0.5,1.0,1.0,0.0,32.0,0.5
1.0,7.238015678012744e-05,215783,32.0,0.5,1.0,1.0,0.0,32.0,0.5
1.0,-0.00021655825548805296,215784,32.0,0.5,1.0,1.0,0.0,32.0,0.5
1.0,-7.853331771912053e-05,215784,32.0,0.5,1.0,1.0,0.0,32.0,0.5
1.0,-2.4322544049937278e-05,215785,32.0,0.5,1.0,1.0,0.0,32.0,0.5
1.0,3.6348719731904566e-05,215785,32.0,0.5,1.0,1.0,0.0,32.0,0.5
1.0,-0.00010977979400195181,215786,32.0,0.5,1.0,1.0,0.0,32.0,0.5
1.0,-5.5901626183185726e-05,215786,32.0,0.5,1.0,1.0,0.0,32.0,0.5
1.0,6.734879571013153e-05,215787,32.0,0.5,1.0,1.0,0.0,32.0,0.5
1.0,-0.0002355097676627338,215787,32.0,0.5,1.0,1.0,0.0,32.0,0.5
1.0,-0.00020872996537946165,215788,32.0,0.5,1.0,1.0,0.0,32.0,0.5
1.0,1.4620445654145442e-05,215788,32.0,0.5,1.0,1.0,0.0,32.0,0.5
1.0,-8.363233064301312e-05,215789,32.0,0.5,1.0,1.0,0.0,32.0,0.5
1.0,-0.00014425910194404423,215789,32.0,0.5,1.0,1.0,0.0,32.0,0.5
1.0,3.081599061260931e-05,215790,32.0,0.5,1.0,1.0,0.0,32.0,0.5
1.0,-6.590203702216968e-05,215790,32.0,0.5,1.0,1.0,0.0,32.0,0.5
1.0,-5.7428114814683795e-05,215791,32.0,0.5,1.0,1.0,0.0,32.0,0.5
1.0,6.303600457613356e-06,215791,32.0,0.5,1.0,1.0,0.0,32.0,0.5
1.0,-7.790948438923806e-05,215792,32.0,0.5,1.0,1.0,0.0,32.0,0.5
1.0,-6.736492650816217e-06,215792,32.0,0.5,1.0,1.0,0.0,32.0,0.5
1.0,-2.704125472519081e-05,215793,32.0,0.5,1.0,1.0,0.0,32.0,0.5
1.0,-0.00039506773464381695,215793,32.0,0.5,1.0,1.0,0.0,32.0,0.5
1.0,3.6849432945018634e-05,215794,32.0,0.5,1.0,1.0,0.0,32.0,0.5
1.0,6.471833330579102e-06,215794,32.0,0.5,1.0,1.0,0.0,32.0,0.5
1.0,7.74200088926591e-05,215795,32.0,0.5,1.0,1.0,0.0,32.0,0.5
1.0,9.289658191846684e-05,215795,32.0,0.5,1.0,1.0,0.0,32.0,0.5
1.0,6.171064887894318e-05,215796,32.0,0.5,1.0,1.0,0.0,32.0,0.5
1.0,-0.0001601298135938123,215796,32.0,0.5,1.0,1.0,0.0,32.0,0.5
1.0,9.818721446208656e-05,215797,32.0,0.5,1.0,1.0,0.0,32.0,0.5
1.0,-5.7809964346233755e-05,215797,32.0,0.5,1.0,1.0,0.0,32.0,0.5
1.0,-4.051533323945478e-06,215798,32.0,0.5,1.0,1.0,0.0,32.0,0.5
1.0,-3.738501982297748e-05,215798,32.0,0.5,1.0,1.0,0.0,32.0,0.5
1.0,0.00019191502360627055,215799,32.0,0.5,1.0,1.0,0.0,32.0,0.5
1.0,-0.0003364060539752245,215799,32.0,0.5,1.0,1.0,0.0,32.0,0.5
1.0,-1.92695515579544e-05,215800,32.0,0.5,1.0,1.0,0.0,32.0,0.5
1.0,-6.691137969028205e-05,215800,32.0,0.5,1.0,1.0,0.0,32.0,0.5
1.0,-1.5176556189544499e-05,215801,32.0,0.5,1.0,1.0,0.0,32.0,0.5
1.0,9.840032726060599e-05,215801,32.0,0.5,1.0,1.0,0.0,32.0,0.5
1.0,4.285018803784624e-05,215802,32.0,0.5,1.0,1.0,0.0,32.0,0.5
1.0,-5.748606054112315e-05,215802,32.0,0.5,1.0,1.0,0.0,32.0,0.5
1.0,-8.298223110614344e-05,215803,32.0,0.5,1.0,1.0,0.0,32.0,0.5
1.0,-4.765741323353723e-06,215803,32.0,0.5,1.0,1.0,0.0,32.0,0.5
1.0,0.00017502860282547772,215804,32.0,0.5,1.0,1.0,0.0,32.0,0.5
1.0,2.0327359379734844e-05,215804,32.0,0.5,1.0,1.0,0.0,32.0,0.5
1.0,-0.00014618405839428306,215805,32.0,0.5,1.0,1.0,0.0,32.0,0.5
1.0,0.00017945232684724033,215805,32.0,0.5,1.0,1.0,0.0,32.0,0.5
1.0,-5.650402817991562e-05,215806,32.0,0.5,1.0,1.0,0.0,32.0,0.5
1.0,1.9382880054763518e-05,215806,32.0,0.5,1.0,1.0,0.0,32.0,0.5
1.0,2.9419403290376067e-05,215807,32.0,0.5,1.0,1.0,0.0,32.0,0.5
1.0,-1.1594202078413218e-05,215807,32.0,0.5,1.0,1.0,0.0,32.0,0.5
1.0,1.1801947039202787e-05,215808,32.0,0.5,1.0,1.0,0.0,32.0,0.5
1.0,-0.00012289316509850323,215808,32.0,0.5,1.0,1.0,0.0,32.0,0.5
1.0,-9.176431922242045e-05,215809,32.0,0.5,1.0,1.0,0.0,32.0,0.5
1.0,-6.085800123400986e-05,215809,32.0,0.5,1.0,1.0,0.0,32.0,0.5
1.0,8.948046888690442e-05,215810,32.0,0.5,1.0,1.0,0.0,32.0,0.5
1.0,8.420001540798694e-05,215810,32.0,0.5,1.0,1.0,0.0,32.0,0.5
1.0,0.00016409499221481383,215811,32.0,0.5,1.0,1.0,0.0,32.0,0.5
1.0,-2.0018771465402097e-05,215811,32.0,0.5,1.0,1.0,0.0,32.0,0.5
1.0,-0.00021476284018717706,215812,32.0,0.5,1.0,1.0,0.0,32.0,0.5
1.0,-6.276164640439674e-05,215812,32.0,0.5,1.0,1.0,0.0,32.0,0.5
1.0,2.2072910724091344e-05,215813,32.0,0.5,1.0,1.0,0.0,32.0,0.5
1.0,0.00011300380720058456,215813,32.0,0.5,1.0,1.0,0.0,32.0,0.5
1.0,-5.479207175085321e-05,215814,32.0,0.5,1.0,1.0,0.0,32.0,0.5
1.0,-0.0002162009186577052,215814,32.0,0.5,1.0,1.0,0.0,32.0,0.5
1.0,0.00019167704158462584,215815,32.0,0.5,1.0,1.0,0.0,32.0,0.5
1.0,-5.07889490108937e-05,215815,32.0,0.5,1.0,1.0,0.0,32.0,0.5
1.0,4.703234299086034e-05,215816,32.0,0.5,1.0,1.0,0.0,32.0,0.5
1.0,8.188694482669234e-05,215816,32.0,0.5,1.0,1.0,0.0,32.0,0.5
1.0,-8.722022903384641e-05,215817,32.0,0.5,1.0,1.0,0.0,32.0,0.5
1.0,5.8154000726062804e-06,215817,32.0,0.5,1.0,1.0,0.0,32.0,0.5
1.0,5.870470340596512e-05,215818,32.0,0.5,1.0,1.0,0.0,32.0,0.5
1.0,6.446965562645346e-05,215818,32.0,0.5,1.0,1.0,0.0,32.0,0.5
1.0,0.0001782284234650433,215819,32.0,0.5,1.0,1.0,0.0,32.0,0.5
1.0,4.320875814300962e-05,215819,32.0,0.5,1.0,1.0,0.0,32.0,0.5
1.0,3.122372436337173e-05,215820,32.0,0.5,1.0,1.0,0.0,32.0,0.5
1.0,-0.00034510710975155234,215820,32.0,0.5,1.0,1.0,0.0,32.0,0.5
1.0,-1.7943813872989267e-05,215821,32.0,0.5,1.0,1.0,0.0,32.0,0.5
1.0,-0.00019348094065207988,215821,32.0,0.5,1.0,1.0,0.0,32.0,0.5
1.0,-0.0001122426037909463,215822,32.0,0.5,1.0,1.0,0.0,32.0,0.5
1.0,-9.568454697728157e-05,215822,32.0,0.5,1.0,1.0,0.0,32.0,0.5
1.0,-0.00021931654191575944,215823,32.0,0.5,1.0,1.0,0.0,32.0,0.5
1.0,-5.218178921495564e-05,215823,32.0,0.5,1.0,1.0,0.0,32.0,0.5
1.0,0.00012690434232354164,215824,32.0,0.5,1.0,1.0,0.0,32.0,0.5
1.0,5.6175162171712145e-05,215824,32.0,0.5,1.0,1.0,0.0,32.0,0.5
1.0,-3.668016870506108e-05,215825,32.0,0.5,1.0,1.0,0.0,32.0,0.5
1.0,-7.044261292321607e-05,215825,32.0,0.5,1.0,1.0,0.0,32.0,0.5
1.0,1.8067119526676834e-05,215826,32.0,0.5,1.0,1.0,0.0,32.0,0.5
1.0,2.5655659555923194e-05,215826,32.0,0.5,1.0,1.0,0.0,32.0,0.5
1.0,0.00010574931366136298,215827,32.0,0.5,1.0,1.0,0.0,32.0,0.5
1.0,-0.00011553719377843663,215827,32.0,0.5,1.0,1.0,0.0,32.0,0.5
1.0,-0.00015707529382780194,215828,32.0,0.5,1.0,1.0,0.0,32.0,0.5
1.0,0.00017379081691615283,215828,32.0,0.5,1.0,1.0,0.0,32.0,0.5
1.0,8.145363244693726e-05,215829,32.0,0.5,1.0,1.0,0.0,32.0,0.5
1.0,5.153384699951857e-05,215829,32.0,0.5,1.0,1.0,0.0,32.0,0.5
1.0,-9.141708142124116e-05,215830,32.0,0.5,1.0,1.0,0.0,32.0,0.5
1.0,-6.715719064231962e-05,215830,32.0,0.5,1.0,1.0,0.0,32.0,0.5
1.0,-2.7501277145347558e-05,215831,32.0,0.5,1.0,1.0,0.0,32.0,0.5
1.0,-0.00010869161633308977,215831,32.0,0.5,1.0,1.0,0.0,32.0,0.5
1.0,-0.00013130376464687288,215832,32.0,0.5,1.0,1.0,0.0,32.0,0.5
1.0,-1.3598753866972402e-05,215832,32.0,0.5,1.0,1.0,0.0,32.0,0.5
1.0,-0.00017271636170335114,215833,32.0,0.5,1.0,1.0,0.0,32.0,0.5
1.0,-4.442929639481008e-05,215833,32.0,0.5,1.0,1.0,0.0,32.0,0.5
1.0,-3.9755261241225526e-05,215834,32.0,0.5,1.0,1.0,0.0,32.0,0.5
1.0,1.5258516214089468e-05,215834,32.0,0.5,1.0,1.0,0.0,32.0,0.5
1.0,-2.817830682033673e-05,215835,32.0,0.5,1.0,1.0,0.0,32.0,0.5
1.0,-1.8254140741191804e-06,215835,32.0,0.5,1.0,1.0,0.0,32.0,0.5
1.0,0.0001770672097336501,215836,32.0,0.5,1.0,1.0,0.0,32.0,0.5
1.0,4.177814844297245e-05,215836,32.0,0.5,1.0,1.0,0.0,32.0,0.5
1.0,-3.8997102819848806e-05,215837,32.0,0.5,1.0,1.0,0.0,32.0,0.5
1.0,4.3830696085933596e-05,215837,32.0,0.5,1.0,1.0,0.0,32.0,0.5
1.0,3.773566277232021e-05,215838,32.0,0.5,1.0,1.0,0.0,32.0,0.5
1.0,0.00013395058340393007,215838,32.0,0.5,1.0,1.0,0.0,32.0,0.5
1.0,0.00014822266530245543,215839,32.0,0.5,1.0,1.0,0.0,32.0,0.5
1.0,5.86284113524016e-06,215839,32.0,0.5,1.0,1.0,0.0,32.0,0.5
1.0,0.00012813101056963205,215840,32.0,0.5,1.0,1.0,0.0,32.0,0.5
1.0,0.000205469987122342,215840,32.0,0.5,1.0,1.0,0.0,32.0,0.5
1.0,-7.964268297655508e-05,215841,32.0,0.5,1.0,1.0,0.0,32.0,0.5
1.0,3.8050246075727046e-05,215841,32.0,0.5,1.0,1.0,0.0,32.0,0.5
1.0,0.00018299309886060655,215842,32.0,0.5,1.0,1.0,0.0,32.0,0.5
1.0,0.0001299734867643565,215842,32.0,0.5,1.0,1.0,0.0,32.0,0.5
1.0,3.0448583856923506e-05,215843,32.0,0.5,1.0,1.0,0.0,32.0,0.5
1.0,-4.2255862354068086e-05,215843,32.0,0.5,1.0,1.0,0.0,32.0,0.5
1.0,0.000216340966289863,215844,32.0,0.5,1.0,1.0,0.0,32.0,0.5
1.0,4.876563616562635e-05,215844,32.0,0.5,1.0,1.0,0.0,32.0,0.5
1.0,7.281599391717464e-05,215845,32.0,0.5,1.0,1.0,0.0,32.0,0.5
1.0,-7.573237962787971e-05,215845,32.0,0.5,1.0,1.0,0.0,32.0,0.5
1.0,7.962017843965441e-05,215846,32.0,0.5,1.0,1.0,0.0,32.0,0.5
1.0,0.00011660682503134012,215846,32.0,0.5,1.0,1.0,0.0,32.0,0.5
1.0,-0.00010275314707541838,215847,32.0,0.5,1.0,1.0,0.0,32.0,0.5
1.0,-6.796469824621454e-05,215847,32.0,0.5,1.0,1.0,0.0,32.0,0.5
1.0,-0.0002486621087882668,215848,32.0,0.5,1.0,1.0,0.0,32.0,0.5
1.0,-0.00016611473984085023,215848,32.0,0.5,1.0,1.0,0.0,32.0,0.5
1.0,8.068684110185131e-05,215849,32.0,0.5,1.0,1.0,0.0,32.0,0.5
1.0,1.0313628081348725e-05,215849,32.0,0.5,1.0,1.0,0.0,32.0,0.5
1.0,2.295205558766611e-05,215850,32.0,0.5,1.0,1.0,0.0,32.0,0.5
1.0,4.463960794964805e-05,215850,32.0,0.5,1.0,1.0,0.0,32.0,0.5
1.0,6.052876415196806e-06,215851,32.0,0.5,1.0,1.0,0.0,32.0,0.5
1.0,8.287020318675786e-05,215851,32.0,0.5,1.0,1.0,0.0,32.0,0.5
1.0,4.5790179683535825e-06,215852,32.0,0.5,1.0,1.0,0.0,32.0,0.5
1.0,0.00013866143126506358,215852,32.0,0.5,1.0,1.0,0.0,32.0,0.5
1.0,-8.444473496638238e-05,215853,32.0,0.5,1.0,1.0,0.0,32.0,0.5
1.0,-5.5808734032325447e-05,215853,32.0,0.5,1.0,1.0,0.0,32.0,0.5
1.0,0.00020932324696332216,215854,32.0,0.5,1.0,1.0,0.0,32.0,0.5
1.0,-7.477736289729364e-06,215854,32.0,0.5,1.0,1.0,0.0,32.0,0.5
1.0,-3.0687908292748034e-05,215855,32.0,0.5,1.0,1.0,0.0,32.0,0.5
1.0,-9.99702897388488e-05,215855,32.0,0.5,1.0,1.0,0.0,32.0,0.5
1.0,6.7077053245157e-06,215856,32.0,0.5,1.0,1.0,0.0,32.0,0.5
1.0,0.0002748177503235638,215856,32.0,0.5,1.0,1.0,0.0,32.0,0.5
1.0,-2.3532316845376045e-05,215857,32.0,0.5,1.0,1.0,0.0,32.0,0.5
1.0,1.2539927411125973e-05,215857,32.0,0.5,1.0,1.0,0.0,32.0,0.5
1.0,-1.667005562921986e-05,215858,32.0,0.5,1.0,1.0,0.0,32.0,0.5
1.0,-6.62127131363377e-05,215858,32.0,0.5,1.0,1.0,0.0,32.0,0.5
1.0,7.593289046781138e-05,215859,32.0,0.5,1.0,1.0,0.0,32.0,0.5
1.0,0.0003811894275713712,215859,32.0,0.5,1.0,1.0,0.0,32.0,0.5
1.0,-1.1228408766328357e-05,215860,32.0,0.5,1.0,1.0,0.0,32.0,0.5
1.0,0.00016875230357982218,215860,32.0,0.5,1.0,1.0,0.0,32.0,0.5
1.0,-0.00011448608711361885,215861,32.0,0.5,1.0,1.0,0.0,32.0,0.5
1.0,4.637304664356634e-05,215861,32.0,0.5,1.0,1.0,0.0,32.0,0.5
1.0,4.3428983190096915e-05,215862,32.0,0.5,1.0,1.0,0.0,32.0,0.5
1.0,2.1354662749217823e-05,215862,32.0,0.5,1.0,1.0,0.0,32.0,0.5
1.0,7.04526319168508e-05,215863,32.0,0.5,1.0,1.0,0.0,32.0,0.5
1.0,0.0001754167169565335,215863,32.0,0.5,1.0,1.0,0.0,32.0,0.5
1.0,3.122947600786574e-05,215864,32.0,0.5,1.0,1.0,0.0,32.0,0.5
1.0,0.00014182203449308872,215864,32.0,0.5,1.0,1.0,0.0,32.0,0.5
1.0,-9.217004117090255e-05,215865,32.0,0.5,1.0,1.0,0.0,32.0,0.5
1.0,-6.665221008006483e-05,215865,32.0,0.5,1.0,1.0,0.0,32.0,0.5
1.0,0.0001326088677160442,215866,32.0,0.5,1.0,1.0,0.0,32.0,0.5
1.0,-1.0183030099142343e-05,215866,32.0,0.5,1.0,1.0,0.0,32.0,0.5
1.0,-6.212133303051814e-05,215867,32.0,0.5,1.0,1.0,0.0,32.0,0.5
1.0,-0.00011444858682807535,215867,32.0,0.5,1.0,1.0,0.0,32.0,0.5
1.0,0.00010848010424524546,215868,32.0,0.5,1.0,1.0,0.0,32.0,0.5
1.0,-2.2837601136416197e-05,215868,32.0,0.5,1.0,1.0,0.0,32.0,0.5
1.0,0.0001242311845999211,215869,32.0,0.5,1.0,1.0,0.0,32.0,0.5
1.0,-6.0243004554649815e-05,215869,32.0,0.5,1.0,1.0,0.0,32.0,0.5
1.0,-9.952813707059249e-05,215870,32.0,0.5,1.0,1.0,0.0,32.0,0.5
1.0,0.00011075832298956811,215870,32.0,0.5,1.0,1.0,0.0,32.0,0.5
1.0,0.00010019115870818496,215871,32.0,0.5,1.0,1.0,0.0,32.0,0.5
1.0,4.23825804318767e-06,215871,32.0,0.5,1.0,1.0,0.0,32.0,0.5
1.0,-9.631796274334192e-06,215872,32.0,0.5,1.0,1.0,0.0,32.0,0.5
1.0,1.2344227798166685e-05,215872,32.0,0.5,1.0,1.0,0.0,32.0,0.5
1.0,-0.00011999070557067171,215873,32.0,0.5,1.0,1.0,0.0,32.0,0.5
1.0,-3.186916728736833e-05,215873,32.0,0.5,1.0,1.0,0.0,32.0,0.5
1.0,0.00017278423183597624,215874,32.0,0.5,1.0,1.0,0.0,32.0,0.5
1.0,4.565458948491141e-05,215874,32.0,0.5,1.0,1.0,0.0,32.0,0.5
1.0,-0.00017786090029403567,215875,32.0,0.5,1.0,1.0,0.0,32.0,0.5
1.0,6.826015305705369e-05,215875,32.0,0.5,1.0,1.0,0.0,32.0,0.5
1.0,-4.4664346205536276e-05,215876,32.0,0.5,1.0,1.0,0.0,32.0,0.5
1.0,0.00016998598584905267,215876,32.0,0.5,1.0,1.0,0.0,32.0,0.5
1.0,-0.00021699124772567302,215877,32.0,0.5,1.0,1.0,0.0,32.0,0.5
1.0,0.00022941101633477956,215877,32.0,0.5,1.0,1.0,0.0,32.0,0.5
1.0,8.899880049284548e-05,215878,32.0,0.5,1.0,1.0,0.0,32.0,0.5
1.0,-4.0463208279106766e-05,215878,32.0,0.5,1.0,1.0,0.0,32.0,0.5
1.0,-0.00010116341582033783,215879,32.0,0.5,1.0,1.0,0.0,32.0,0.5
1.0,0.00013226858573034406,215879,32.0,0.5,1.0,1.0,0.0,32.0,0.5
1.0,8.887620060704648e-05,215880,32.0,0.5,1.0,1.0,0.0,32.0,0.5
1.0,0.00010869905963772908,215880,32.0,0.5,1.0,1.0,0.0,32.0,0.5
1.0,0.00017424600082449615,215881,32.0,0.5,1.0,1.0,0.0,32.0,0.5
1.0,2.9055543564027175e-05,215881,32.0,0.5,1.0,1.0,0.0,32.0,0.5
1.0,7.785471098031849e-05,215882,32.0,0.5,1.0,1.0,0.0,32.0,0.5
1.0,-8.087305468507111e-05,215882,32.0,0.5,1.0,1.0,0.0,32.0,0.5
1.0,0.0001051534345606342,215883,32.0,0.5,1.0,1.0,0.0,32.0,0.5
1.0,8.309041731990874e-05,215883,32.0,0.5,1.0,1.0,0.0,32.0,0.5
1.0,0.00030913687078282237,215884,32.0,0.5,1.0,1.0,0.0,32.0,0.5
1.0,-8.585385512560606e-05,215884,32.0,0.5,1.0,1.0,0.0,32.0,0.5
1.0,-3.7621739465976134e-06,215885,32.0,0.5,1.0,1.0,0.0,32.0,0.5
1.0,6.34388197795488e-05,215885,32.0,0.5,1.0,1.0,0.0,32.0,0.5
1.0,-0.00017436020425520837,215886,32.0,0.5,1.0,1.0,0.0,32.0,0.5
1.0,8.578880806453526e-05,215886,32.0,0.5,1.0,1.0,0.0,32.0,0.5
1.0,-0.00014996365644037724,215887,32.0,0.5,1.0,1.0,0.0,32.0,0.5
1.0,0.0001389030076097697,215887,32.0,0.5,1.0,1.0,0.0,32.0,0.5
1.0,-1.1522992281243205e-05,215888,32.0,0.5,1.0,1.0,0.0,32.0,0.5
1.0,0.00017941146506927907,215888,32.0,0.5,1.0,1.0,0.0,32.0,0.5
1.0,-2.2988861019257456e-05,215889,32.0,0.5,1.0,1.0,0.0,32.0,0.5
1.0,2.6139518013224006e-05,215889,32.0,0.5,1.0,1.0,0.0,32.0,0.5
1.0,-0.00020427440176717937,215890,32.0,0.5,1.0,1.0,0.0,32.0,0.5
1.0,-3.718876905622892e-05,215890,32.0,0.5,1.0,1.0,0.0,32.0,0.5
1.0,-8.629688090877607e-05,215891,32.0,0.5,1.0,1.0,0.0,32.0,0.5
1.0,-1.688119664322585e-05,215891,32.0,0.5,1.0,1.0,0.0,32.0,0.5
1.0,5.900269388803281e-05,215892,32.0,0.5,1.0,1.0,0.0,32.0,0.5
1.0,8.685931243235245e-05,215892,32.0,0.5,1.0,1.0,0.0,32.0,0.5
1.0,3.088584344368428e-05,215893,32.0,0.5,1.0,1.0,0.0,32.0,0.5
1.0,2.6407185941934586e-05,215893,32.0,0.5,1.0,1.0,0.0,32.0,0.5
1.0,-1.3896966265747324e-05,215894,32.0,0.5,1.0,1.0,0.0,32.0,0.5
1.0,-0.00010271942301187664,215894,32.0,0.5,1.0,1.0,0.0,32.0,0.5
1.0,-0.00014834391186013818,215895,32.0,0.5,1.0,1.0,0.0,32.0,0.5
1.0,-8.884189810487442e-06,215895,32.0,0.5,1.0,1.0,0.0,32.0,0.5
1.0,-1.5870265997364186e-05,215896,32.0,0.5,1.0,1.0,0.0,32.0,0.5
1.0,6.219447095645592e-05,215896,32.0,0.5,1.0,1.0,0.0,32.0,0.5
1.0,-8.094186341622844e-06,215897,32.0,0.5,1.0,1.0,0.0,32.0,0.5
1.0,0.00020879202929791063,215897,32.0,0.5,1.0,1.0,0.0,32.0,0.5
1.0,0.00012734916526824236,215898,32.0,0.5,1.0,1.0,0.0,32.0,0.5
1.0,2.0466468413360417e-05,215898,32.0,0.5,1.0,1.0,0.0,32.0,0.5
1.0,-6.096162542235106e-05,215899,32.0,0.5,1.0,1.0,0.0,32.0,0.5
1.0,-1.6269776097033173e-05,215899,32.0,0.5,1.0,1.0,0.0,32.0,0.5
1.0,-0.00011160591384395957,215900,32.0,0.5,1.0,1.0,0.0,32.0,0.5
1.0,1.29645432025427e-05,215900,32.0,0.5,1.0,1.0,0.0,32.0,0.5
1.0,7.145172276068479e-05,215901,32.0,0.5,1.0,1.0,0.0,32.0,0.5
1.0,-6.937055150046945e-05,215901,32.0,0.5,1.0,1.0,0.0,32.0,0.5
1.0,-6.210021820152178e-05,215902,32.0,0.5,1.0,1.0,0.0,32.0,0.5
1.0,-0.00012292440806049854,215902,32.0,0.5,1.0,1.0,0.0,32.0,0.5
1.0,-5.9505848184926435e-05,215903,32.0,0.5,1.0,1.0,0.0,32.0,0.5
1.0,0.0001234210649272427,215903,32.0,0.5,1.0,1.0,0.0,32.0,0.5
1.0,1.1814719073299784e-05,215904,32.0,0.5,1.0,1.0,0.0,32.0,0.5
1.0,4.874539081356488e-05,215904,32.0,0.5,1.0,1.0,0.0,32.0,0.5
1.0,-0.000245315779466182,215905,32.0,0.5,1.0,1.0,0.0,32.0,0.5
1.0,-7.63772550271824e-05,215905,32.0,0.5,1.0,1.0,0.0,32.0,0.5
1.0,-0.00013047947140876204,215906,32.0,0.5,1.0,1.0,0.0,32.0,0.5
1.0,3.130115510430187e-05,215906,32.0,0.5,1.0,1.0,0.0,32.0,0.5
1.0,2.4382938136113808e-05,215907,32.0,0.5,1.0,1.0,0.0,32.0,0.5
1.0,9.987504745367914e-05,215907,32.0,0.5,1.0,1.0,0.0,32.0,0.5
1.0,3.620861025410704e-05,215908,32.0,0.5,1.0,1.0,0.0,32.0,0.5
1.0,0.00016664639406371862,215908,32.0,0.5,1.0,1.0,0.0,32.0,0.5
1.0,-3.99729615310207e-05,215909,32.0,0.5,1.0,1.0,0.0,32.0,0.5
1.0,-5.263163257041015e-05,215909,32.0,0.5,1.0,1.0,0.0,32.0,0.5
1.0,-1.7168847989523783e-05,215910,32.0,0.5,1.0,1.0,0.0,32.0,0.5
1.0,6.627084076171741e-05,215910,32.0,0.5,1.0,1.0,0.0,32.0,0.5
1.0,-2.1006118913646787e-05,215911,32.0,0.5,1.0,1.0,0.0,32.0,0.5
1.0,5.514545409823768e-05,215911,32.0,0.5,1.0,1.0,0.0,32.0,0.5
1.0,-0.0003412038495298475,215912,32.0,0.5,1.0,1.0,0.0,32.0,0.5
1.0,9.503479668637738e-05,215912,32.0,0.5,1.0,1.0,0.0,32.0,0.5
1.0,0.00016092113219201565,215913,32.0,0.5,1.0,1.0,0.0,32.0,0.5
1.0,-6.159928307170048e-05,215913,32.0,0.5,1.0,1.0,0.0,32.0,0.5
1.0,-0.00016589458391536027,215914,32.0,0.5,1.0,1.0,0.0,32.0,0.5
1.0,-7.984494004631415e-05,215914,32.0,0.5,1.0,1.0,0.0,32.0,0.5
1.0,5.114717350807041e-05,215915,32.0,0.5,1.0,1.0,0.0,32.0,0.5
1.0,-0.00010052099241875112,215915,32.0,0.5,1.0,1.0,0.0,32.0,0.5
1.0,3.6593533877748996e-05,215916,32.0,0.5,1.0,1.0,0.0,32.0,0.5
1.0,4.550231096800417e-06,215916,32.0,0.5,1.0,1.0,0.0,32.0,0.5
1.0,-0.00032772152917459607,215917,32.0,0.5,1.0,1.0,0.0,32.0,0.5
1.0,2.1184547222219408e-05,215917,32.0,0.5,1.0,1.0,0.0,32.0,0.5
1.0,4.391839320305735e-05,215918,32.0,0.5,1.0,1.0,0.0,32.0,0.5
1.0,-0.00012105092173442245,215918,32.0,0.5,1.0,1.0,0.0,32.0,0.5
1.0,-2.730189407884609e-05,215919,32.0,0.5,1.0,1.0,0.0,32.0,0.5
1.0,-4.395939686219208e-05,215919,32.0,0.5,1.0,1.0,0.0,32.0,0.5
1.0,-5.531750502996147e-05,215920,32.0,0.5,1.0,1.0,0.0,32.0,0.5
1.0,0.00011166910553583875,215920,32.0,0.5,1.0,1.0,0.0,32.0,0.5
1.0,-4.45274417870678e-05,215921,32.0,0.5,1.0,1.0,0.0,32.0,0.5
1.0,4.619490209734067e-05,215921,32.0,0.5,1.0,1.0,0.0,32.0,0.5
1.0,-0.00017316965386271477,215922,32.0,0.5,1.0,1.0,0.0,32.0,0.5
1.0,9.258015779778361e-05,215922,32.0,0.5,1.0,1.0,0.0,32.0,0.5
1.0,9.261866216547787e-05,215923,32.0,0.5,1.0,1.0,0.0,32.0,0.5
1.0,-2.2834898118162528e-05,215923,32.0,0.5,1.0,1.0,0.0,32.0,0.5
1.0,5.517965473700315e-05,215924,32.0,0.5,1.0,1.0,0.0,32.0,0.5
1.0,0.00011359796189935878,215924,32.0,0.5,1.0,1.0,0.0,32.0,0.5
1.0,-0.0001666759344516322,215925,32.0,0.5,1.0,1.0,0.0,32.0,0.5
1.0,0.00010891623969655484,215925,32.0,0.5,1.0,1.0,0.0,32.0,0.5
1.0,7.120212103473023e-05,215926,32.0,0.5,1.0,1.0,0.0,32.0,0.5
1.0,5.5695654737064615e-05,215926,32.0,0.5,1.0,1.0,0.0,32.0,0.5
1.0,5.6408869568258524e-05,215927,32.0,0.5,1.0,1.0,0.0,32.0,0.5
1.0,-0.0001244687009602785,215927,32.0,0.5,1.0,1.0,0.0,32.0,0.5
1.0,-5.843317194376141e-05,215928,32.0,0.5,1.0,1.0,0.0,32.0,0.5
1.0,-2.4856472009560093e-05,215928,32.0,0.5,1.0,1.0,0.0,32.0,0.5
1.0,-2.7445312298368663e-05,215929,32.0,0.5,1.0,1.0,0.0,32.0,0.5
1.0,-0.00018197757890447974,215929,32.0,0.5,1.0,1.0,0.0,32.0,0.5
1.0,-5.221279207034968e-05,215930,32.0,0.5,1.0,1.0,0.0,32.0,0.5
1.0,-7.028011896181852e-05,215930,32.0,0.5,1.0,1.0,0.0,32.0,0.5
1.0,-2.193776163039729e-05,215931,32.0,0.5,1.0,1.0,0.0,32.0,0.5
1.0,0.00015202771464828402,215931,32.0,0.5,1.0,1.0,0.0,32.0,0.5
1.0,-9.434234380023554e-05,215932,32.0,0.5,1.0,1.0,0.0,32.0,0.5
1.0,0.00023089686874300241,215932,32.0,0.5,1.0,1.0,0.0,32.0,0.5
1.0,0.00014798056508880109,215933,32.0,0.5,1.0,1.0,0.0,32.0,0.5
1.0,-4.135328345000744e-05,215933,32.0,0.5,1.0,1.0,0.0,32.0,0.5
1.0,3.188718983437866e-05,215934,32.0,0.5,1.0,1.0,0.0,32.0,0.5
1.0,-1.8911454390035942e-05,215934,32.0,0.5,1.0,1.0,0.0,32.0,0.5
1.0,6.327834853436798e-06,215935,32.0,0.5,1.0,1.0,0.0,32.0,0.5
1.0,1.5179426554823294e-05,215935,32.0,0.5,1.0,1.0,0.0,32.0,0.5
1.0,2.393994145677425e-05,215936,32.0,0.5,1.0,1.0,0.0,32.0,0.5
1.0,-7.931106665637344e-05,215936,32.0,0.5,1.0,1.0,0.0,32.0,0.5
1.0,0.000136151269543916,215937,32.0,0.5,1.0,1.0,0.0,32.0,0.5
1.0,0.00013823082554154098,215937,32.0,0.5,1.0,1.0,0.0,32.0,0.5
1.0,8.122558938339353e-06,215938,32.0,0.5,1.0,1.0,0.0,32.0,0.5
1.0,7.943967648316175e-05,215938,32.0,0.5,1.0,1.0,0.0,32.0,0.5
1.0,6.772659253329039e-05,215939,32.0,0.5,1.0,1.0,0.0,32.0,0.5
1.0,-0.0001297978451475501,215939,32.0,0.5,1.0,1.0,0.0,32.0,0.5
1.0,-5.1397648348938674e-05,215940,32.0,0.5,1.0,1.0,0.0,32.0,0.5
1.0,8.652629912830889e-05,215940,32.0,0.5,1.0,1.0,0.0,32.0,0.5
1.0,-6.322981789708138e-05,215941,32.0,0.5,1.0,1.0,0.0,32.0,0.5
1.0,0.00012820216943509877,215941,32.0,0.5,1.0,1.0,0.0,32.0,0.5
1.0,-0.00025814821128733456,215942,32.0,0.5,1.0,1.0,0.0,32.0,0.5
1.0,-6.714864139212295e-05,215942,32.0,0.5,1.0,1.0,0.0,32.0,0.5
1.0,-0.00013370305532589555,215943,32.0,0.5,1.0,1.0,0.0,32.0,0.5
1.0,3.2827661925693974e-05,215943,32.0,0.5,1.0,1.0,0.0,32.0,0.5
1.0,0.0002949136833194643,215944,32.0,0.5,1.0,1.0,0.0,32.0,0.5
1.0,-5.6496905017411336e-05,215944,32.0,0.5,1.0,1.0,0.0,32.0,0.5
1.0,-9.294382471125573e-05,215945,32.0,0.5,1.0,1.0,0.0,32.0,0.5
1.0,0.00010809498780872673,215945,32.0,0.5,1.0,1.0,0.0,32.0,0.5
1.0,5.1298939069965854e-05,215946,32.0,0.5,1.0,1.0,0.0,32.0,0.5
1.0,2.324837987544015e-05,215946,32.0,0.5,1.0,1.0,0.0,32.0,0.5
1.0,-4.203931530355476e-05,215947,32.0,0.5,1.0,1.0,0.0,32.0,0.5
1.0,0.00024405549629591405,215947,32.0,0.5,1.0,1.0,0.0,32.0,0.5
1.0,0.00024552535614930093,215948,32.0,0.5,1.0,1.0,0.0,32.0,0.5
1.0,0.00016143945686053485,215948,32.0,0.5,1.0,1.0,0.0,32.0,0.5
1.0,9.829964255914092e-05,215949,32.0,0.5,1.0,1.0,0.0,32.0,0.5
1.0,-0.00013802610919810832,215949,32.0,0.5,1.0,1.0,0.0,32.0,0.5
1.0,4.321270535001531e-05,215950,32.0,0.5,1.0,1.0,0.0,32.0,0.5
1.0,-9.309912275057286e-05,215950,32.0,0.5,1.0,1.0,0.0,32.0,0.5
1.0,5.937920286669396e-05,215951,32.0,0.5,1.0,1.0,0.0,32.0,0.5
1.0,7.519136852351949e-05,215951,32.0,0.5,1.0,1.0,0.0,32.0,0.5
1.0,3.737567749340087e-05,215952,32.0,0.5,1.0,1.0,0.0,32.0,0.5
1.0,-2.921635314123705e-05,215952,32.0,0.5,1.0,1.0,0.0,32.0,0.5
