raw/disc/disc_acc_gen,raw/disc/disc_loss,raw/disc/global_step,raw/disc/n_generated,raw/disc/disc_proportion_expert_true,raw/disc/disc_acc_expert,raw/disc/disc_acc,raw/disc/disc_entropy,raw/disc/n_expert,raw/disc/disc_proportion_expert_pred
1.0,-2.280989519931609e-06,60124,32.0,0.5,1.0,1.0,0.0,32.0,0.5
1.0,1.4698148333991412e-06,60124,32.0,0.5,1.0,1.0,0.0,32.0,0.5
1.0,7.5753810051537585e-06,60125,32.0,0.5,1.0,1.0,0.0,32.0,0.5
1.0,4.912437361781485e-06,60125,32.0,0.5,1.0,1.0,0.0,32.0,0.5
1.0,5.390430487750564e-06,60126,32.0,0.5,1.0,1.0,0.0,32.0,0.5
1.0,7.677914254600182e-06,60126,32.0,0.5,1.0,1.0,0.0,32.0,0.5
1.0,4.572641046252102e-06,60127,32.0,0.5,1.0,1.0,0.0,32.0,0.5
1.0,-2.1782011572213378e-06,60127,32.0,0.5,1.0,1.0,0.0,32.0,0.5
1.0,8.837428140395787e-07,60128,32.0,0.5,1.0,1.0,0.0,32.0,0.5
1.0,-4.0543736758991145e-06,60128,32.0,0.5,1.0,1.0,0.0,32.0,0.5
1.0,1.0447349268360995e-05,60129,32.0,0.5,1.0,1.0,0.0,32.0,0.5
1.0,-1.2852223107984173e-06,60129,32.0,0.5,1.0,1.0,0.0,32.0,0.5
1.0,-2.915929371738457e-06,60130,32.0,0.5,1.0,1.0,0.0,32.0,0.5
1.0,7.758882929920219e-06,60130,32.0,0.5,1.0,1.0,0.0,32.0,0.5
1.0,-6.13626980339177e-08,60131,32.0,0.5,1.0,1.0,0.0,32.0,0.5
1.0,-1.0671512427506968e-05,60131,32.0,0.5,1.0,1.0,0.0,32.0,0.5
1.0,2.428824359412829e-07,60132,32.0,0.5,1.0,1.0,0.0,32.0,0.5
1.0,-7.330984772124793e-06,60132,32.0,0.5,1.0,1.0,0.0,32.0,0.5
1.0,4.373965566628613e-06,60133,32.0,0.5,1.0,1.0,0.0,32.0,0.5
1.0,8.280378551717149e-07,60133,32.0,0.5,1.0,1.0,0.0,32.0,0.5
1.0,4.355473720352165e-06,60134,32.0,0.5,1.0,1.0,1.8645633420539823e-11,32.0,0.5
1.0,5.110695155963185e-07,60134,32.0,0.5,1.0,1.0,1.8645633420539823e-11,32.0,0.5
1.0,3.605954816521262e-06,60135,32.0,0.5,1.0,1.0,0.0,32.0,0.5
1.0,-1.9663489183585625e-06,60135,32.0,0.5,1.0,1.0,0.0,32.0,0.5
1.0,-5.365193374018418e-07,60136,32.0,0.5,1.0,1.0,0.0,32.0,0.5
1.0,1.6467631667183014e-06,60136,32.0,0.5,1.0,1.0,0.0,32.0,0.5
1.0,-4.823281415156089e-06,60137,32.0,0.5,1.0,1.0,0.0,32.0,0.5
1.0,4.175351023150142e-06,60137,32.0,0.5,1.0,1.0,0.0,32.0,0.5
1.0,1.3274352568259928e-06,60138,32.0,0.5,1.0,1.0,0.0,32.0,0.5
1.0,-3.6717112834594445e-06,60138,32.0,0.5,1.0,1.0,0.0,32.0,0.5
1.0,3.0496316867356654e-06,60139,32.0,0.5,1.0,1.0,0.0,32.0,0.5
1.0,3.0996914119896246e-06,60139,32.0,0.5,1.0,1.0,0.0,32.0,0.5
1.0,7.2267180257767905e-06,60140,32.0,0.5,1.0,1.0,0.0,32.0,0.5
1.0,-4.001009529019939e-06,60140,32.0,0.5,1.0,1.0,0.0,32.0,0.5
1.0,7.881689271016512e-06,60141,32.0,0.5,1.0,1.0,0.0,32.0,0.5
1.0,2.5170566004817374e-06,60141,32.0,0.5,1.0,1.0,0.0,32.0,0.5
1.0,8.467255611321889e-06,60142,32.0,0.5,1.0,1.0,0.0,32.0,0.5
1.0,1.3213880265539046e-06,60142,32.0,0.5,1.0,1.0,0.0,32.0,0.5
0.96875,0.42256084084510803,60143,32.0,0.5,1.0,0.984375,7.883346753167789e-13,32.0,0.515625
1.0,-7.810878742020577e-06,60143,32.0,0.5,1.0,1.0,0.0,32.0,0.5
1.0,3.5839570955431554e-07,60144,32.0,0.5,1.0,1.0,0.0,32.0,0.5
1.0,4.4948383219889365e-06,60144,32.0,0.5,1.0,1.0,0.0,32.0,0.5
1.0,-1.5029638689156855e-06,60145,32.0,0.5,1.0,1.0,0.0,32.0,0.5
1.0,1.6143462744366843e-07,60145,32.0,0.5,1.0,1.0,0.0,32.0,0.5
1.0,-4.471994543564506e-06,60146,32.0,0.5,1.0,1.0,0.0,32.0,0.5
1.0,1.2310908914514584e-06,60146,32.0,0.5,1.0,1.0,0.0,32.0,0.5
1.0,-2.8861541068181396e-07,60147,32.0,0.5,1.0,1.0,0.0,32.0,0.5
1.0,-3.5764098811341682e-06,60147,32.0,0.5,1.0,1.0,0.0,32.0,0.5
1.0,2.5288334200013196e-06,60148,32.0,0.5,1.0,1.0,0.0,32.0,0.5
1.0,-1.1977272151852958e-06,60148,32.0,0.5,1.0,1.0,0.0,32.0,0.5
1.0,-2.411878085695207e-06,60149,32.0,0.5,1.0,1.0,0.0,32.0,0.5
1.0,-6.446785391744925e-06,60149,32.0,0.5,1.0,1.0,0.0,32.0,0.5
1.0,3.581103555916343e-06,60150,32.0,0.5,1.0,1.0,0.0,32.0,0.5
1.0,-3.2775562885944964e-06,60150,32.0,0.5,1.0,1.0,0.0,32.0,0.5
1.0,7.898932381067425e-06,60151,32.0,0.5,1.0,1.0,0.0,32.0,0.5
1.0,-9.861821581580443e-09,60151,32.0,0.5,1.0,1.0,0.0,32.0,0.5
1.0,2.6382131181890145e-06,60152,32.0,0.5,1.0,1.0,0.0,32.0,0.5
1.0,-1.021787056743051e-06,60152,32.0,0.5,1.0,1.0,0.0,32.0,0.5
1.0,1.1467091098893434e-07,60153,32.0,0.5,1.0,1.0,0.0,32.0,0.5
1.0,-4.87007173433085e-06,60153,32.0,0.5,1.0,1.0,0.0,32.0,0.5
1.0,3.893773282470647e-06,60154,32.0,0.5,1.0,1.0,0.0,32.0,0.5
1.0,-5.318650437402539e-06,60154,32.0,0.5,1.0,1.0,0.0,32.0,0.5
1.0,1.7832371668191627e-06,60155,32.0,0.5,1.0,1.0,0.0,32.0,0.5
1.0,1.4347576779982774e-06,60155,32.0,0.5,1.0,1.0,0.0,32.0,0.5
1.0,-5.886797225684859e-06,60156,32.0,0.5,1.0,1.0,0.0,32.0,0.5
1.0,6.63690207147738e-06,60156,32.0,0.5,1.0,1.0,0.0,32.0,0.5
1.0,-1.4449503851210466e-06,60157,32.0,0.5,1.0,1.0,0.0,32.0,0.5
1.0,-5.9481681091710925e-06,60157,32.0,0.5,1.0,1.0,0.0,32.0,0.5
1.0,5.898491963307606e-06,60158,32.0,0.5,1.0,1.0,0.0,32.0,0.5
1.0,2.61294599113171e-06,60158,32.0,0.5,1.0,1.0,0.0,32.0,0.5
1.0,8.858498290464922e-07,60159,32.0,0.5,1.0,1.0,0.0,32.0,0.5
1.0,-3.975743766204687e-06,60159,32.0,0.5,1.0,1.0,0.0,32.0,0.5
1.0,1.4357923419083818e-06,60160,32.0,0.5,1.0,1.0,0.0,32.0,0.5
1.0,-1.4542965800501406e-06,60160,32.0,0.5,1.0,1.0,0.0,32.0,0.5
1.0,2.162876626243815e-06,60161,32.0,0.5,1.0,1.0,0.0,32.0,0.5
1.0,-2.8789906991733005e-06,60161,32.0,0.5,1.0,1.0,0.0,32.0,0.5
1.0,-1.1573227993721957e-06,60162,32.0,0.5,1.0,1.0,0.0,32.0,0.5
1.0,7.815221579221543e-06,60162,32.0,0.5,1.0,1.0,0.0,32.0,0.5
1.0,8.465970495308284e-06,60163,32.0,0.5,1.0,1.0,0.0,32.0,0.5
1.0,-6.329076768452069e-06,60163,32.0,0.5,1.0,1.0,0.0,32.0,0.5
1.0,-3.1188596949505154e-07,60164,32.0,0.5,1.0,1.0,0.0,32.0,0.5
1.0,1.12102327420871e-07,60164,32.0,0.5,1.0,1.0,0.0,32.0,0.5
1.0,1.9568792595237028e-06,60165,32.0,0.5,1.0,1.0,0.0,32.0,0.5
1.0,-7.264954547281377e-06,60165,32.0,0.5,1.0,1.0,0.0,32.0,0.5
0.96875,6.828636169433594,60166,32.0,0.5,1.0,0.984375,0.0,32.0,0.515625
0.9375,16.107969284057617,60166,32.0,0.5,1.0,0.96875,0.0,32.0,0.53125
0.96875,31.21393585205078,60167,32.0,0.5,1.0,0.984375,0.0,32.0,0.515625
1.0,1.3298073099576868e-05,60167,32.0,0.5,1.0,1.0,0.0,32.0,0.5
1.0,-3.207959252904402e-06,60168,32.0,0.5,1.0,1.0,0.0,32.0,0.5
1.0,-3.814284809777746e-06,60168,32.0,0.5,1.0,1.0,0.0,32.0,0.5
1.0,3.7398338008642895e-06,60169,32.0,0.5,1.0,1.0,0.0,32.0,0.5
1.0,-8.39694075693842e-06,60169,32.0,0.5,1.0,1.0,0.0,32.0,0.5
1.0,-2.4656446839799173e-06,60170,32.0,0.5,1.0,1.0,0.0,32.0,0.5
1.0,3.253368504374521e-06,60170,32.0,0.5,1.0,1.0,0.0,32.0,0.5
1.0,-2.46630520450708e-06,60171,32.0,0.5,1.0,1.0,0.0,32.0,0.5
1.0,-4.047858965350315e-06,60171,32.0,0.5,1.0,1.0,0.0,32.0,0.5
1.0,1.0775815098895691e-05,60172,32.0,0.5,1.0,1.0,0.0,32.0,0.5
1.0,9.665466677688528e-06,60172,32.0,0.5,1.0,1.0,0.0,32.0,0.5
1.0,4.699837973021204e-06,60173,32.0,0.5,1.0,1.0,0.0,32.0,0.5
1.0,-1.7568370367371244e-06,60173,32.0,0.5,1.0,1.0,0.0,32.0,0.5
1.0,1.0591468253551284e-06,60174,32.0,0.5,1.0,1.0,0.0,32.0,0.5
1.0,-8.167991836671717e-06,60174,32.0,0.5,1.0,1.0,0.0,32.0,0.5
1.0,-1.0333786804039846e-06,60175,32.0,0.5,1.0,1.0,0.0,32.0,0.5
1.0,-2.434904672554694e-06,60175,32.0,0.5,1.0,1.0,0.0,32.0,0.5
1.0,-9.845302884059492e-06,60176,32.0,0.5,1.0,1.0,0.0,32.0,0.5
0.96875,0.483959436416626,60176,32.0,0.5,1.0,0.984375,1.7649076644588026e-14,32.0,0.515625
1.0,2.7018932087230496e-06,60177,32.0,0.5,1.0,1.0,0.0,32.0,0.5
1.0,-3.79085349777597e-06,60177,32.0,0.5,1.0,1.0,0.0,32.0,0.5
1.0,-4.28079511038959e-06,60178,32.0,0.5,1.0,1.0,0.0,32.0,0.5
1.0,8.691399671079125e-07,60178,32.0,0.5,1.0,1.0,0.0,32.0,0.5
1.0,1.230695374943025e-06,60179,32.0,0.5,1.0,1.0,0.0,32.0,0.5
1.0,-1.4896586435497738e-06,60179,32.0,0.5,1.0,1.0,0.0,32.0,0.5
1.0,9.305250614488614e-07,60180,32.0,0.5,1.0,1.0,0.0,32.0,0.5
1.0,0.03811057657003403,60180,32.0,0.5,0.96875,0.984375,0.004625914874786112,32.0,0.484375
1.0,-6.812430001446046e-06,60181,32.0,0.5,1.0,1.0,0.0,32.0,0.5
1.0,2.5682149953354383e-06,60181,32.0,0.5,1.0,1.0,0.0,32.0,0.5
1.0,-4.280865141481627e-06,60182,32.0,0.5,1.0,1.0,0.0,32.0,0.5
1.0,-1.1294345313217491e-05,60182,32.0,0.5,1.0,1.0,0.0,32.0,0.5
1.0,5.381519258662593e-06,60183,32.0,0.5,1.0,1.0,0.0,32.0,0.5
1.0,8.92174466571305e-06,60183,32.0,0.5,1.0,1.0,0.0,32.0,0.5
1.0,-6.3845113800198305e-06,60184,32.0,0.5,1.0,1.0,0.0,32.0,0.5
1.0,-1.1929302672797348e-05,60184,32.0,0.5,1.0,1.0,0.0,32.0,0.5
1.0,1.859317421913147,60185,32.0,0.5,0.96875,0.984375,0.0,32.0,0.484375
1.0,3.3059268389479257e-06,60185,32.0,0.5,1.0,1.0,0.0,32.0,0.5
1.0,2.294592604812351e-06,60186,32.0,0.5,1.0,1.0,0.0,32.0,0.5
1.0,3.7018544389866292e-06,60186,32.0,0.5,1.0,1.0,0.0,32.0,0.5
1.0,-7.017455573077314e-06,60187,32.0,0.5,1.0,1.0,0.0,32.0,0.5
1.0,3.5163363918400137e-06,60187,32.0,0.5,1.0,1.0,0.0,32.0,0.5
1.0,8.526384362994577e-07,60188,32.0,0.5,1.0,1.0,0.0,32.0,0.5
1.0,1.0882205287998659e-06,60188,32.0,0.5,1.0,1.0,0.0,32.0,0.5
1.0,-3.6107094274484552e-06,60189,32.0,0.5,1.0,1.0,0.0,32.0,0.5
1.0,0.6338310241699219,60189,32.0,0.5,0.96875,0.984375,0.0,32.0,0.484375
1.0,2.4544442567275837e-06,60190,32.0,0.5,1.0,1.0,0.0,32.0,0.5
1.0,-4.8942765715764835e-06,60190,32.0,0.5,1.0,1.0,0.0,32.0,0.5
1.0,-5.011938355892198e-06,60191,32.0,0.5,1.0,1.0,0.0,32.0,0.5
1.0,8.786793159742956e-07,60191,32.0,0.5,1.0,1.0,0.0,32.0,0.5
1.0,-2.275517999805743e-06,60192,32.0,0.5,1.0,1.0,0.0,32.0,0.5
1.0,-7.457847004843643e-06,60192,32.0,0.5,1.0,1.0,0.0,32.0,0.5
1.0,2.3918869374028873e-06,60193,32.0,0.5,1.0,1.0,0.0,32.0,0.5
1.0,1.1333345355524216e-06,60193,32.0,0.5,1.0,1.0,0.0,32.0,0.5
1.0,8.123221050482243e-06,60194,32.0,0.5,1.0,1.0,0.0,32.0,0.5
1.0,-5.76471620661323e-06,60194,32.0,0.5,1.0,1.0,0.0,32.0,0.5
1.0,9.395623237651307e-06,60195,32.0,0.5,1.0,1.0,0.0,32.0,0.5
1.0,-1.5566206457151566e-07,60195,32.0,0.5,1.0,1.0,0.0,32.0,0.5
1.0,4.914529654342914e-06,60196,32.0,0.5,1.0,1.0,0.0,32.0,0.5
1.0,-8.673650881974027e-06,60196,32.0,0.5,1.0,1.0,0.0,32.0,0.5
1.0,-1.0001744158216752e-05,60197,32.0,0.5,1.0,1.0,0.0,32.0,0.5
1.0,1.5787336451467127e-06,60197,32.0,0.5,1.0,1.0,0.0,32.0,0.5
1.0,-4.892068545814254e-07,60198,32.0,0.5,1.0,1.0,0.0,32.0,0.5
0.96875,11.62966537475586,60198,32.0,0.5,1.0,0.984375,0.0,32.0,0.515625
1.0,1.9982569483545376e-06,60199,32.0,0.5,1.0,1.0,0.0,32.0,0.5
1.0,4.588702267938061e-06,60199,32.0,0.5,1.0,1.0,0.0,32.0,0.5
1.0,-1.2771693036484066e-07,60200,32.0,0.5,1.0,1.0,0.0,32.0,0.5
1.0,-4.299261945561739e-06,60200,32.0,0.5,1.0,1.0,0.0,32.0,0.5
1.0,-4.587716375681339e-06,60201,32.0,0.5,1.0,1.0,0.0,32.0,0.5
1.0,2.976030827994691e-06,60201,32.0,0.5,1.0,1.0,0.0,32.0,0.5
1.0,-2.122238583979197e-06,60202,32.0,0.5,1.0,1.0,0.0,32.0,0.5
1.0,-4.505990546022076e-06,60202,32.0,0.5,1.0,1.0,0.0,32.0,0.5
1.0,8.763245205045678e-06,60203,32.0,0.5,1.0,1.0,0.0,32.0,0.5
1.0,-5.831909675180214e-07,60203,32.0,0.5,1.0,1.0,0.0,32.0,0.5
1.0,-2.447470251354389e-06,60204,32.0,0.5,1.0,1.0,0.0,32.0,0.5
1.0,4.396190433908487e-07,60204,32.0,0.5,1.0,1.0,0.0,32.0,0.5
1.0,-3.3602523217268754e-06,60205,32.0,0.5,1.0,1.0,0.0,32.0,0.5
1.0,-1.7184855778396013e-06,60205,32.0,0.5,1.0,1.0,0.0,32.0,0.5
1.0,2.8642016332014464e-06,60206,32.0,0.5,1.0,1.0,0.0,32.0,0.5
1.0,-2.82433893517009e-06,60206,32.0,0.5,1.0,1.0,0.0,32.0,0.5
1.0,1.1300786354695447e-05,60207,32.0,0.5,1.0,1.0,0.0,32.0,0.5
1.0,6.40868302070885e-06,60207,32.0,0.5,1.0,1.0,0.0,32.0,0.5
1.0,-2.567185219959356e-06,60208,32.0,0.5,1.0,1.0,0.0,32.0,0.5
1.0,4.695102688856423e-06,60208,32.0,0.5,1.0,1.0,0.0,32.0,0.5
1.0,5.309388598107034e-06,60209,32.0,0.5,1.0,1.0,0.0,32.0,0.5
1.0,-2.065917897198233e-06,60209,32.0,0.5,1.0,1.0,0.0,32.0,0.5
1.0,3.367498720763251e-06,60210,32.0,0.5,1.0,1.0,0.0,32.0,0.5
1.0,3.236824568375596e-06,60210,32.0,0.5,1.0,1.0,0.0,32.0,0.5
1.0,-2.5599815671739634e-06,60211,32.0,0.5,1.0,1.0,0.0,32.0,0.5
1.0,2.1196133275225293e-06,60211,32.0,0.5,1.0,1.0,0.0,32.0,0.5
1.0,8.544300726498477e-06,60212,32.0,0.5,1.0,1.0,0.0,32.0,0.5
1.0,-4.762611752084922e-06,60212,32.0,0.5,1.0,1.0,0.0,32.0,0.5
1.0,-9.384957593283616e-06,60213,32.0,0.5,1.0,1.0,0.0,32.0,0.5
1.0,1.3984998759042355e-06,60213,32.0,0.5,1.0,1.0,0.0,32.0,0.5
1.0,2.5493682187516242e-06,60214,32.0,0.5,1.0,1.0,0.0,32.0,0.5
1.0,2.929721176769817e-07,60214,32.0,0.5,1.0,1.0,0.0,32.0,0.5
1.0,8.665447239764035e-06,60215,32.0,0.5,1.0,1.0,0.0,32.0,0.5
1.0,-4.256663032720098e-06,60215,32.0,0.5,1.0,1.0,0.0,32.0,0.5
1.0,-2.603887651275727e-06,60216,32.0,0.5,1.0,1.0,0.0,32.0,0.5
1.0,8.652953056298429e-07,60216,32.0,0.5,1.0,1.0,0.0,32.0,0.5
1.0,-1.8044627267954638e-06,60217,32.0,0.5,1.0,1.0,0.0,32.0,0.5
1.0,-1.2133009477111045e-06,60217,32.0,0.5,1.0,1.0,0.0,32.0,0.5
1.0,4.701784291682998e-06,60218,32.0,0.5,1.0,1.0,0.0,32.0,0.5
1.0,-2.9961233849462587e-06,60218,32.0,0.5,1.0,1.0,0.0,32.0,0.5
1.0,-3.413573267607717e-06,60219,32.0,0.5,1.0,1.0,0.0,32.0,0.5
1.0,-1.7209370071213925e-06,60219,32.0,0.5,1.0,1.0,0.0,32.0,0.5
1.0,9.385206567458226e-07,60220,32.0,0.5,1.0,1.0,0.0,32.0,0.5
1.0,1.4171498605719535e-06,60220,32.0,0.5,1.0,1.0,0.0,32.0,0.5
1.0,1.050746959663229e-06,60221,32.0,0.5,1.0,1.0,0.0,32.0,0.5
1.0,-1.1000680387951434e-05,60221,32.0,0.5,1.0,1.0,0.0,32.0,0.5
1.0,3.2663542697264347e-06,60222,32.0,0.5,1.0,1.0,0.0,32.0,0.5
1.0,-3.5576822483562864e-06,60222,32.0,0.5,1.0,1.0,0.0,32.0,0.5
1.0,4.632099717127858e-06,60223,32.0,0.5,1.0,1.0,0.0,32.0,0.5
1.0,1.911430445034057e-07,60223,32.0,0.5,1.0,1.0,0.0,32.0,0.5
1.0,6.556418611580739e-06,60224,32.0,0.5,1.0,1.0,0.0,32.0,0.5
1.0,-3.315290086902678e-08,60224,32.0,0.5,1.0,1.0,0.0,32.0,0.5
1.0,-3.129144488411839e-06,60225,32.0,0.5,1.0,1.0,0.0,32.0,0.5
1.0,1.6544026948395185e-06,60225,32.0,0.5,1.0,1.0,0.0,32.0,0.5
1.0,8.789219236859935e-07,60226,32.0,0.5,1.0,1.0,0.0,32.0,0.5
1.0,-7.123788236640394e-06,60226,32.0,0.5,1.0,1.0,0.0,32.0,0.5
1.0,1.3896824384573847e-05,60227,32.0,0.5,1.0,1.0,0.0,32.0,0.5
1.0,-3.3633518796705175e-06,60227,32.0,0.5,1.0,1.0,0.0,32.0,0.5
1.0,-1.2175228221167345e-06,60228,32.0,0.5,1.0,1.0,0.0,32.0,0.5
1.0,8.7804419308668e-06,60228,32.0,0.5,1.0,1.0,0.0,32.0,0.5
1.0,-2.7232345019001514e-06,60229,32.0,0.5,1.0,1.0,0.0,32.0,0.5
1.0,4.779974460689118e-06,60229,32.0,0.5,1.0,1.0,0.0,32.0,0.5
1.0,2.5356976038892753e-06,60230,32.0,0.5,1.0,1.0,0.0,32.0,0.5
1.0,-3.014298727066489e-06,60230,32.0,0.5,1.0,1.0,0.0,32.0,0.5
1.0,7.284535968210548e-06,60231,32.0,0.5,1.0,1.0,0.0,32.0,0.5
1.0,5.461006367113441e-07,60231,32.0,0.5,1.0,1.0,0.0,32.0,0.5
1.0,-4.920689207210671e-06,60232,32.0,0.5,1.0,1.0,0.0,32.0,0.5
1.0,2.835943860191037e-06,60232,32.0,0.5,1.0,1.0,0.0,32.0,0.5
1.0,-2.875938207580475e-06,60233,32.0,0.5,1.0,1.0,0.0,32.0,0.5
1.0,-4.012579665868543e-06,60233,32.0,0.5,1.0,1.0,0.0,32.0,0.5
1.0,4.450595952221192e-06,60234,32.0,0.5,1.0,1.0,0.0,32.0,0.5
1.0,-1.9439605694060447e-06,60234,32.0,0.5,1.0,1.0,0.0,32.0,0.5
1.0,-5.266062089503976e-06,60235,32.0,0.5,1.0,1.0,0.0,32.0,0.5
1.0,-3.735095106094377e-06,60235,32.0,0.5,1.0,1.0,0.0,32.0,0.5
1.0,-4.401897513162112e-06,60236,32.0,0.5,1.0,1.0,0.0,32.0,0.5
1.0,-4.3477029976202175e-06,60236,32.0,0.5,1.0,1.0,0.0,32.0,0.5
1.0,3.529414243530482e-06,60237,32.0,0.5,1.0,1.0,0.0,32.0,0.5
1.0,-3.6334909054858144e-06,60237,32.0,0.5,1.0,1.0,0.0,32.0,0.5
1.0,9.289859917771537e-06,60238,32.0,0.5,1.0,1.0,0.0,32.0,0.5
1.0,1.910565515572671e-06,60238,32.0,0.5,1.0,1.0,0.0,32.0,0.5
1.0,2.21857453652774e-06,60239,32.0,0.5,1.0,1.0,0.0,32.0,0.5
1.0,-9.708159268484451e-06,60239,32.0,0.5,1.0,1.0,0.0,32.0,0.5
1.0,-1.6885724107851274e-06,60240,32.0,0.5,1.0,1.0,0.0,32.0,0.5
1.0,1.031642659654608e-05,60240,32.0,0.5,1.0,1.0,0.0,32.0,0.5
1.0,-3.7462912132468773e-06,60241,32.0,0.5,1.0,1.0,0.0,32.0,0.5
1.0,3.982979251304641e-06,60241,32.0,0.5,1.0,1.0,0.0,32.0,0.5
1.0,-3.6623707728722366e-06,60242,32.0,0.5,1.0,1.0,0.0,32.0,0.5
1.0,3.96567020288785e-06,60242,32.0,0.5,1.0,1.0,1.7694000729878183e-14,32.0,0.5
1.0,-3.4363688428129535e-06,60243,32.0,0.5,1.0,1.0,0.0,32.0,0.5
1.0,-1.4404497505893232e-07,60243,32.0,0.5,1.0,1.0,0.0,32.0,0.5
1.0,-7.79077367951686e-07,60244,32.0,0.5,1.0,1.0,0.0,32.0,0.5
1.0,-6.235476121219108e-06,60244,32.0,0.5,1.0,1.0,0.0,32.0,0.5
1.0,-8.771068678470328e-06,60245,32.0,0.5,1.0,1.0,0.0,32.0,0.5
1.0,1.7268107512791175e-06,60245,32.0,0.5,1.0,1.0,0.0,32.0,0.5
1.0,-1.2737418728647754e-06,60246,32.0,0.5,1.0,1.0,0.0,32.0,0.5
1.0,-2.1882324290345423e-06,60246,32.0,0.5,1.0,1.0,0.0,32.0,0.5
1.0,1.2109213685107534e-06,60247,32.0,0.5,1.0,1.0,0.0,32.0,0.5
1.0,-4.374893251224421e-06,60247,32.0,0.5,1.0,1.0,0.0,32.0,0.5
1.0,-1.5160148905124515e-06,60248,32.0,0.5,1.0,1.0,0.0,32.0,0.5
1.0,1.6721871816116618e-06,60248,32.0,0.5,1.0,1.0,0.0,32.0,0.5
1.0,-6.569664037670009e-06,60249,32.0,0.5,1.0,1.0,0.0,32.0,0.5
1.0,-1.7097758018280729e-06,60249,32.0,0.5,1.0,1.0,0.0,32.0,0.5
1.0,-8.397578312724363e-07,60250,32.0,0.5,1.0,1.0,0.0,32.0,0.5
1.0,-7.99383315097657e-07,60250,32.0,0.5,1.0,1.0,0.0,32.0,0.5
1.0,-4.638349764718441e-06,60251,32.0,0.5,1.0,1.0,0.0,32.0,0.5
1.0,4.797240308107575e-06,60251,32.0,0.5,1.0,1.0,0.0,32.0,0.5
1.0,3.848141204798594e-06,60252,32.0,0.5,1.0,1.0,0.0,32.0,0.5
1.0,2.2336839720082935e-06,60252,32.0,0.5,1.0,1.0,0.0,32.0,0.5
1.0,-8.750784218136687e-06,60253,32.0,0.5,1.0,1.0,0.0,32.0,0.5
1.0,6.278603905229829e-06,60253,32.0,0.5,1.0,1.0,0.0,32.0,0.5
1.0,1.200462065753527e-06,60254,32.0,0.5,1.0,1.0,0.0,32.0,0.5
1.0,7.927298611321021e-06,60254,32.0,0.5,1.0,1.0,0.0,32.0,0.5
1.0,-4.576375431497581e-06,60255,32.0,0.5,1.0,1.0,0.0,32.0,0.5
1.0,-4.165342488704482e-07,60255,32.0,0.5,1.0,1.0,0.0,32.0,0.5
1.0,7.18937189958524e-06,60256,32.0,0.5,1.0,1.0,0.0,32.0,0.5
1.0,4.428211468621157e-07,60256,32.0,0.5,1.0,1.0,0.0,32.0,0.5
1.0,3.199977072654292e-06,60257,32.0,0.5,1.0,1.0,0.0,32.0,0.5
1.0,1.722478737065103e-05,60257,32.0,0.5,1.0,1.0,0.0,32.0,0.5
1.0,4.698301381722558e-06,60258,32.0,0.5,1.0,1.0,0.0,32.0,0.5
1.0,-2.139477146556601e-07,60258,32.0,0.5,1.0,1.0,0.0,32.0,0.5
1.0,1.7748605387168936e-05,60259,32.0,0.5,1.0,1.0,7.824671979297933e-05,32.0,0.5
1.0,6.905017471581232e-06,60259,32.0,0.5,1.0,1.0,7.7659982527329e-05,32.0,0.5
1.0,4.440600150701357e-06,60260,32.0,0.5,1.0,1.0,0.0,32.0,0.5
1.0,-2.8336628474789904e-06,60260,32.0,0.5,1.0,1.0,0.0,32.0,0.5
1.0,1.6150142982951365e-06,60261,32.0,0.5,1.0,1.0,0.0,32.0,0.5
1.0,-1.5594837350363377e-06,60261,32.0,0.5,1.0,1.0,0.0,32.0,0.5
1.0,-6.884306458232459e-08,60262,32.0,0.5,1.0,1.0,0.0,32.0,0.5
1.0,2.160572876164224e-07,60262,32.0,0.5,1.0,1.0,0.0,32.0,0.5
1.0,6.734288945153821e-06,60263,32.0,0.5,1.0,1.0,0.0,32.0,0.5
1.0,-8.390246875933371e-06,60263,32.0,0.5,1.0,1.0,0.0,32.0,0.5
1.0,1.4951042430766392e-06,60264,32.0,0.5,1.0,1.0,0.0,32.0,0.5
1.0,-5.543788574868813e-06,60264,32.0,0.5,1.0,1.0,0.0,32.0,0.5
1.0,5.79093011765508e-07,60265,32.0,0.5,1.0,1.0,0.0,32.0,0.5
1.0,2.9474322218447924e-06,60265,32.0,0.5,1.0,1.0,0.0,32.0,0.5
1.0,-1.1055594768549781e-05,60266,32.0,0.5,1.0,1.0,0.0,32.0,0.5
1.0,-4.928740963805467e-06,60266,32.0,0.5,1.0,1.0,0.0,32.0,0.5
1.0,4.896951395494398e-06,60267,32.0,0.5,1.0,1.0,0.0,32.0,0.5
1.0,-2.8519914394564694e-06,60267,32.0,0.5,1.0,1.0,0.0,32.0,0.5
1.0,3.365815018696594e-06,60268,32.0,0.5,1.0,1.0,0.0,32.0,0.5
1.0,-7.932953849376645e-07,60268,32.0,0.5,1.0,1.0,0.0,32.0,0.5
1.0,-4.366468601801898e-06,60269,32.0,0.5,1.0,1.0,0.0,32.0,0.5
1.0,-9.150975870397815e-07,60269,32.0,0.5,1.0,1.0,0.0,32.0,0.5
1.0,-8.701460501470137e-06,60270,32.0,0.5,1.0,1.0,2.1844213251960788e-08,32.0,0.5
1.0,5.2187715482432395e-06,60270,32.0,0.5,1.0,1.0,0.0,32.0,0.5
1.0,-8.139140845742077e-06,60271,32.0,0.5,1.0,1.0,0.0,32.0,0.5
1.0,-5.958404472039547e-06,60271,32.0,0.5,1.0,1.0,0.0,32.0,0.5
1.0,8.820589982860838e-07,60272,32.0,0.5,1.0,1.0,0.0,32.0,0.5
1.0,-4.242838258505799e-07,60272,32.0,0.5,1.0,1.0,0.0,32.0,0.5
1.0,-2.222240482296911e-06,60273,32.0,0.5,1.0,1.0,0.0,32.0,0.5
1.0,4.925451321469154e-06,60273,32.0,0.5,1.0,1.0,0.0,32.0,0.5
1.0,-2.5550732516421704e-06,60274,32.0,0.5,1.0,1.0,0.0,32.0,0.5
1.0,-4.464745870791376e-06,60274,32.0,0.5,1.0,1.0,0.0,32.0,0.5
1.0,-2.7962294097960694e-06,60275,32.0,0.5,1.0,1.0,0.0,32.0,0.5
1.0,6.434507668018341e-06,60275,32.0,0.5,1.0,1.0,0.0,32.0,0.5
1.0,1.3712315194425173e-07,60276,32.0,0.5,1.0,1.0,0.0,32.0,0.5
1.0,-5.828591383760795e-06,60276,32.0,0.5,1.0,1.0,0.0,32.0,0.5
1.0,1.0703943189582787e-06,60277,32.0,0.5,1.0,1.0,0.0,32.0,0.5
1.0,5.644224984280299e-06,60277,32.0,0.5,1.0,1.0,0.0,32.0,0.5
1.0,1.542280188004952e-06,60278,32.0,0.5,1.0,1.0,0.0,32.0,0.5
1.0,-3.0434312066063285e-06,60278,32.0,0.5,1.0,1.0,0.0,32.0,0.5
1.0,1.1412444109737407e-06,60279,32.0,0.5,1.0,1.0,0.0,32.0,0.5
1.0,-3.5394891710893717e-06,60279,32.0,0.5,1.0,1.0,0.0,32.0,0.5
1.0,9.885052350000478e-07,60280,32.0,0.5,1.0,1.0,0.0,32.0,0.5
1.0,-7.22339882486267e-06,60280,32.0,0.5,1.0,1.0,0.0,32.0,0.5
1.0,1.6302142284985166e-06,60281,32.0,0.5,1.0,1.0,0.0,32.0,0.5
1.0,7.104842552507762e-06,60281,32.0,0.5,1.0,1.0,0.0,32.0,0.5
1.0,4.321191227063537e-06,60282,32.0,0.5,1.0,1.0,0.0,32.0,0.5
1.0,-1.2963823792233597e-07,60282,32.0,0.5,1.0,1.0,0.0,32.0,0.5
1.0,4.3786599235318135e-07,60283,32.0,0.5,1.0,1.0,0.0,32.0,0.5
1.0,3.0034070732654072e-06,60283,32.0,0.5,1.0,1.0,0.0,32.0,0.5
1.0,-8.529581464244984e-06,60284,32.0,0.5,1.0,1.0,0.0,32.0,0.5
1.0,7.712917522439966e-07,60284,32.0,0.5,1.0,1.0,0.0,32.0,0.5
1.0,-1.0087459486385342e-05,60285,32.0,0.5,1.0,1.0,0.0,32.0,0.5
1.0,-6.042924724170007e-06,60285,32.0,0.5,1.0,1.0,0.0,32.0,0.5
1.0,5.9861267800442874e-06,60286,32.0,0.5,1.0,1.0,0.0,32.0,0.5
1.0,3.818808181677014e-06,60286,32.0,0.5,1.0,1.0,0.0,32.0,0.5
1.0,1.7850049971457338e-06,60287,32.0,0.5,1.0,1.0,0.0,32.0,0.5
1.0,8.811693987809122e-07,60287,32.0,0.5,1.0,1.0,0.0,32.0,0.5
1.0,6.692478109471267e-06,60288,32.0,0.5,1.0,1.0,0.0,32.0,0.5
1.0,-5.318150670063915e-06,60288,32.0,0.5,1.0,1.0,0.0,32.0,0.5
1.0,5.8065961638931185e-06,60289,32.0,0.5,1.0,1.0,0.0,32.0,0.5
1.0,-7.70723090681713e-06,60289,32.0,0.5,1.0,1.0,0.0,32.0,0.5
1.0,-2.6569100555207115e-06,60290,32.0,0.5,1.0,1.0,9.258236200683537e-09,32.0,0.5
1.0,8.538620022591203e-06,60290,32.0,0.5,1.0,1.0,0.0,32.0,0.5
1.0,-2.4004420993151143e-06,60291,32.0,0.5,1.0,1.0,0.0,32.0,0.5
1.0,4.437896222952986e-06,60291,32.0,0.5,1.0,1.0,0.0,32.0,0.5
1.0,3.710441092152905e-07,60292,32.0,0.5,1.0,1.0,0.0,32.0,0.5
1.0,-4.628482656698907e-06,60292,32.0,0.5,1.0,1.0,0.0,32.0,0.5
1.0,-1.0863024726859294e-05,60293,32.0,0.5,1.0,1.0,0.0,32.0,0.5
1.0,-4.999183602194535e-06,60293,32.0,0.5,1.0,1.0,0.0,32.0,0.5
1.0,6.221039257070515e-06,60294,32.0,0.5,1.0,1.0,0.0,32.0,0.5
1.0,2.344256699871039e-06,60294,32.0,0.5,1.0,1.0,0.0,32.0,0.5
1.0,-1.0710907190514263e-05,60295,32.0,0.5,1.0,1.0,0.0,32.0,0.5
1.0,2.552260411903262e-07,60295,32.0,0.5,1.0,1.0,0.0,32.0,0.5
1.0,-5.487586804520106e-06,60296,32.0,0.5,1.0,1.0,0.0,32.0,0.5
1.0,-7.5841326179215685e-06,60296,32.0,0.5,1.0,1.0,0.0,32.0,0.5
1.0,-9.340203632746125e-08,60297,32.0,0.5,1.0,1.0,0.0,32.0,0.5
1.0,3.398178932911833e-06,60297,32.0,0.5,1.0,1.0,0.0,32.0,0.5
1.0,-1.7057418517651968e-06,60298,32.0,0.5,1.0,1.0,0.0,32.0,0.5
1.0,-3.983449801125971e-07,60298,32.0,0.5,1.0,1.0,0.0,32.0,0.5
1.0,-2.633131771290209e-06,60299,32.0,0.5,1.0,1.0,0.0,32.0,0.5
1.0,-3.3990015708695864e-06,60299,32.0,0.5,1.0,1.0,0.0,32.0,0.5
1.0,3.423365342314355e-07,60300,32.0,0.5,1.0,1.0,0.0,32.0,0.5
1.0,-2.4292476155096665e-06,60300,32.0,0.5,1.0,1.0,0.0,32.0,0.5
1.0,1.6173947869901895e-06,60301,32.0,0.5,1.0,1.0,0.0,32.0,0.5
1.0,7.733755410299636e-06,60301,32.0,0.5,1.0,1.0,0.0,32.0,0.5
1.0,-1.1072390407207422e-05,60302,32.0,0.5,1.0,1.0,0.0,32.0,0.5
1.0,-6.464804755523801e-06,60302,32.0,0.5,1.0,1.0,0.0,32.0,0.5
1.0,3.1345541628979845e-06,60303,32.0,0.5,1.0,1.0,0.0,32.0,0.5
1.0,2.7734404284274206e-07,60303,32.0,0.5,1.0,1.0,0.0,32.0,0.5
1.0,-5.514253643923439e-06,60304,32.0,0.5,1.0,1.0,0.0,32.0,0.5
1.0,5.181073902349453e-06,60304,32.0,0.5,1.0,1.0,0.0,32.0,0.5
1.0,2.869842774089193e-06,60305,32.0,0.5,1.0,1.0,0.0,32.0,0.5
1.0,-5.019465334044071e-06,60305,32.0,0.5,1.0,1.0,0.0,32.0,0.5
1.0,-1.0657065558916656e-06,60306,32.0,0.5,1.0,1.0,0.0,32.0,0.5
1.0,-9.224321502188104e-07,60306,32.0,0.5,1.0,1.0,0.0,32.0,0.5
1.0,-1.4226716302800924e-06,60307,32.0,0.5,1.0,1.0,0.0,32.0,0.5
1.0,-6.173182555357926e-06,60307,32.0,0.5,1.0,1.0,0.0,32.0,0.5
1.0,-1.7756572106009116e-06,60308,32.0,0.5,1.0,1.0,0.0,32.0,0.5
1.0,-1.1057450137741398e-05,60308,32.0,0.5,1.0,1.0,0.0,32.0,0.5
1.0,2.473296717653284e-06,60309,32.0,0.5,1.0,1.0,0.0,32.0,0.5
1.0,-3.532145910867257e-06,60309,32.0,0.5,1.0,1.0,0.0,32.0,0.5
1.0,4.298183284845436e-06,60310,32.0,0.5,1.0,1.0,0.0,32.0,0.5
1.0,2.9574771360785235e-06,60310,32.0,0.5,1.0,1.0,0.0,32.0,0.5
1.0,-6.803578571634716e-07,60311,32.0,0.5,1.0,1.0,0.0,32.0,0.5
1.0,-1.9101789803244174e-06,60311,32.0,0.5,1.0,1.0,0.0,32.0,0.5
1.0,2.569516709627351e-06,60312,32.0,0.5,1.0,1.0,0.0,32.0,0.5
1.0,5.1603738029371016e-06,60312,32.0,0.5,1.0,1.0,0.0,32.0,0.5
1.0,3.394645091248094e-06,60313,32.0,0.5,1.0,1.0,0.0,32.0,0.5
1.0,-7.277069016708992e-06,60313,32.0,0.5,1.0,1.0,0.0,32.0,0.5
1.0,-1.9667727428895887e-06,60314,32.0,0.5,1.0,1.0,0.0,32.0,0.5
1.0,-6.7678047344088554e-06,60314,32.0,0.5,1.0,1.0,0.0,32.0,0.5
0.96875,0.0573318749666214,60315,32.0,0.5,1.0,0.984375,0.001855405801965779,32.0,0.515625
1.0,9.348782441520598e-06,60315,32.0,0.5,1.0,1.0,1.5334164616180998e-12,32.0,0.5
1.0,1.1115780580439605e-06,60316,32.0,0.5,1.0,1.0,0.0,32.0,0.5
1.0,-1.7406614460924175e-06,60316,32.0,0.5,1.0,1.0,0.0,32.0,0.5
1.0,-2.0646234588639345e-06,60317,32.0,0.5,1.0,1.0,0.0,32.0,0.5
1.0,-3.452559667493915e-06,60317,32.0,0.5,1.0,1.0,0.0,32.0,0.5
1.0,-1.9117878764518537e-06,60318,32.0,0.5,1.0,1.0,0.0,32.0,0.5
1.0,1.107800699173822e-06,60318,32.0,0.5,1.0,1.0,0.0,32.0,0.5
1.0,1.1259804750807234e-06,60319,32.0,0.5,1.0,1.0,0.0,32.0,0.5
1.0,-2.3650591174373403e-06,60319,32.0,0.5,1.0,1.0,0.0,32.0,0.5
1.0,2.5355848265462555e-06,60320,32.0,0.5,1.0,1.0,0.0,32.0,0.5
1.0,-7.696021953051968e-07,60320,32.0,0.5,1.0,1.0,0.0,32.0,0.5
1.0,-8.593557140557095e-06,60321,32.0,0.5,1.0,1.0,0.0,32.0,0.5
1.0,-3.679652536447975e-06,60321,32.0,0.5,1.0,1.0,0.0,32.0,0.5
1.0,-2.0391388488860684e-07,60322,32.0,0.5,1.0,1.0,0.0,32.0,0.5
1.0,-2.658470293681603e-06,60322,32.0,0.5,1.0,1.0,0.0,32.0,0.5
1.0,1.3858914371667197e-06,60323,32.0,0.5,1.0,1.0,0.0,32.0,0.5
1.0,-6.173530891828705e-06,60323,32.0,0.5,1.0,1.0,0.0,32.0,0.5
1.0,9.008954293676652e-07,60324,32.0,0.5,1.0,1.0,0.0,32.0,0.5
1.0,1.2423433872754686e-06,60324,32.0,0.5,1.0,1.0,0.0,32.0,0.5
1.0,6.748957275704015e-06,60325,32.0,0.5,1.0,1.0,0.0,32.0,0.5
0.9375,0.17702430486679077,60325,32.0,0.5,1.0,0.96875,0.0007216770693601912,32.0,0.53125
1.0,5.390394107962493e-06,60326,32.0,0.5,1.0,1.0,0.0,32.0,0.5
1.0,3.086514425376663e-06,60326,32.0,0.5,1.0,1.0,0.0,32.0,0.5
1.0,-1.0932557415799238e-05,60327,32.0,0.5,1.0,1.0,0.0,32.0,0.5
1.0,5.85120642426773e-06,60327,32.0,0.5,1.0,1.0,0.0,32.0,0.5
1.0,7.866346095397603e-06,60328,32.0,0.5,1.0,1.0,0.0,32.0,0.5
1.0,-1.0402907719253562e-05,60328,32.0,0.5,1.0,1.0,0.0,32.0,0.5
1.0,-3.7055187931400724e-06,60329,32.0,0.5,1.0,1.0,0.0,32.0,0.5
0.96875,5.223173141479492,60329,32.0,0.5,1.0,0.984375,0.0,32.0,0.515625
1.0,-1.3658134776051156e-05,60330,32.0,0.5,1.0,1.0,0.0,32.0,0.5
1.0,-9.494719961367082e-06,60330,32.0,0.5,1.0,1.0,0.0,32.0,0.5
1.0,-9.730147212394513e-07,60331,32.0,0.5,1.0,1.0,0.0,32.0,0.5
1.0,7.379723570011265e-07,60331,32.0,0.5,1.0,1.0,0.0,32.0,0.5
1.0,-7.5196185207460076e-06,60332,32.0,0.5,1.0,1.0,0.0,32.0,0.5
1.0,1.665999320721312e-06,60332,32.0,0.5,1.0,1.0,0.0,32.0,0.5
1.0,6.79050708640716e-06,60333,32.0,0.5,1.0,1.0,0.0,32.0,0.5
1.0,5.3568310249829665e-06,60333,32.0,0.5,1.0,1.0,0.0,32.0,0.5
1.0,1.0927044513664441e-06,60334,32.0,0.5,1.0,1.0,0.0,32.0,0.5
1.0,-2.8183321774122305e-06,60334,32.0,0.5,1.0,1.0,0.0,32.0,0.5
1.0,6.857101652713027e-06,60335,32.0,0.5,1.0,1.0,0.0,32.0,0.5
1.0,2.087541133732884e-06,60335,32.0,0.5,1.0,1.0,0.0,32.0,0.5
1.0,-1.4346538819154375e-06,60336,32.0,0.5,1.0,1.0,7.883936559149621e-13,32.0,0.5
1.0,-3.816876414930448e-07,60336,32.0,0.5,1.0,1.0,0.0,32.0,0.5
1.0,-9.504375157121103e-06,60337,32.0,0.5,1.0,1.0,0.0,32.0,0.5
1.0,-3.839914825221058e-06,60337,32.0,0.5,1.0,1.0,0.0,32.0,0.5
1.0,-1.2210690329084173e-05,60338,32.0,0.5,1.0,1.0,0.0,32.0,0.5
1.0,4.001902198069729e-06,60338,32.0,0.5,1.0,1.0,0.0,32.0,0.5
1.0,5.54493340132467e-08,60339,32.0,0.5,1.0,1.0,0.0,32.0,0.5
1.0,-4.215308422317321e-07,60339,32.0,0.5,1.0,1.0,0.0,32.0,0.5
1.0,1.873495079962595e-06,60340,32.0,0.5,1.0,1.0,0.0,32.0,0.5
1.0,-2.47227649197157e-06,60340,32.0,0.5,1.0,1.0,0.0,32.0,0.5
1.0,2.1771170395368244e-06,60341,32.0,0.5,1.0,1.0,0.0,32.0,0.5
1.0,2.0545089682855178e-06,60341,32.0,0.5,1.0,1.0,0.0,32.0,0.5
1.0,-6.472785116784507e-07,60342,32.0,0.5,1.0,1.0,0.0,32.0,0.5
1.0,9.854524023467093e-07,60342,32.0,0.5,1.0,1.0,0.0,32.0,0.5
1.0,-3.363240921316901e-07,60343,32.0,0.5,1.0,1.0,0.0,32.0,0.5
1.0,-5.513413725566352e-07,60343,32.0,0.5,1.0,1.0,0.0,32.0,0.5
1.0,-4.854874532611575e-06,60344,32.0,0.5,1.0,1.0,0.0,32.0,0.5
1.0,2.78163270195364e-06,60344,32.0,0.5,1.0,1.0,0.0,32.0,0.5
1.0,3.272100002504885e-06,60345,32.0,0.5,1.0,1.0,0.0,32.0,0.5
1.0,2.328968548681587e-06,60345,32.0,0.5,1.0,1.0,0.0,32.0,0.5
1.0,2.048653868769179e-07,60346,32.0,0.5,1.0,1.0,7.456832693893957e-16,32.0,0.5
1.0,-2.559855602157768e-06,60346,32.0,0.5,1.0,1.0,3.7331682017810754e-16,32.0,0.5
1.0,4.911667474516435e-06,60347,32.0,0.5,1.0,1.0,0.0,32.0,0.5
1.0,-5.772415534011088e-06,60347,32.0,0.5,1.0,1.0,0.0,32.0,0.5
1.0,-4.153240297455341e-06,60348,32.0,0.5,1.0,1.0,0.0,32.0,0.5
1.0,-1.0693852345866617e-06,60348,32.0,0.5,1.0,1.0,0.0,32.0,0.5
1.0,4.171732598479139e-06,60349,32.0,0.5,1.0,1.0,0.0,32.0,0.5
1.0,1.219892055814853e-06,60349,32.0,0.5,1.0,1.0,0.0,32.0,0.5
1.0,1.5003620319475885e-06,60350,32.0,0.5,1.0,1.0,0.0,32.0,0.5
1.0,-4.193706899968674e-06,60350,32.0,0.5,1.0,1.0,0.0,32.0,0.5
1.0,-3.975958406954305e-07,60351,32.0,0.5,1.0,1.0,0.0,32.0,0.5
1.0,-1.1487543360999553e-06,60351,32.0,0.5,1.0,1.0,0.0,32.0,0.5
1.0,8.646640708320774e-06,60352,32.0,0.5,1.0,1.0,0.0,32.0,0.5
1.0,1.040327560986043e-06,60352,32.0,0.5,1.0,1.0,0.0,32.0,0.5
1.0,-6.525873686769046e-06,60353,32.0,0.5,1.0,1.0,0.0,32.0,0.5
1.0,7.136497515602969e-06,60353,32.0,0.5,1.0,1.0,0.0,32.0,0.5
1.0,7.2808657023415435e-06,60354,32.0,0.5,1.0,1.0,0.0,32.0,0.5
1.0,-2.940032572951168e-06,60354,32.0,0.5,1.0,1.0,0.0,32.0,0.5
1.0,-8.113157491607126e-06,60355,32.0,0.5,1.0,1.0,0.0,32.0,0.5
1.0,-5.81472795602167e-06,60355,32.0,0.5,1.0,1.0,0.0,32.0,0.5
1.0,-2.470605068083387e-06,60356,32.0,0.5,1.0,1.0,0.0,32.0,0.5
1.0,5.136222625878872e-06,60356,32.0,0.5,1.0,1.0,0.0,32.0,0.5
1.0,-6.325669801299227e-07,60357,32.0,0.5,1.0,1.0,0.0,32.0,0.5
1.0,6.95939888828434e-07,60357,32.0,0.5,1.0,1.0,0.0,32.0,0.5
1.0,4.858890179093578e-07,60358,32.0,0.5,1.0,1.0,0.0,32.0,0.5
1.0,-6.420263616746524e-06,60358,32.0,0.5,1.0,1.0,0.0,32.0,0.5
1.0,1.2714382137346547e-05,60359,32.0,0.5,1.0,1.0,0.0,32.0,0.5
1.0,-3.1712941108708037e-06,60359,32.0,0.5,1.0,1.0,0.0,32.0,0.5
1.0,8.689055448485306e-07,60360,32.0,0.5,1.0,1.0,0.0,32.0,0.5
1.0,-3.926333192794118e-06,60360,32.0,0.5,1.0,1.0,0.0,32.0,0.5
1.0,8.916001092984516e-07,60361,32.0,0.5,1.0,1.0,0.0,32.0,0.5
1.0,1.2468030945456121e-06,60361,32.0,0.5,1.0,1.0,0.0,32.0,0.5
1.0,-4.0235404412669595e-06,60362,32.0,0.5,1.0,1.0,0.0,32.0,0.5
1.0,2.103211272697081e-06,60362,32.0,0.5,1.0,1.0,0.0,32.0,0.5
1.0,-2.182377556891879e-06,60363,32.0,0.5,1.0,1.0,0.0,32.0,0.5
1.0,-2.3335633159149438e-07,60363,32.0,0.5,1.0,1.0,0.0,32.0,0.5
1.0,-2.018520717683714e-06,60364,32.0,0.5,1.0,1.0,0.0,32.0,0.5
1.0,-2.6432676349941175e-06,60364,32.0,0.5,1.0,1.0,0.0,32.0,0.5
1.0,5.517441877600504e-06,60365,32.0,0.5,1.0,1.0,0.0,32.0,0.5
1.0,-2.398072865616996e-06,60365,32.0,0.5,1.0,1.0,0.0,32.0,0.5
1.0,1.1865283795486903e-06,60366,32.0,0.5,1.0,1.0,0.0,32.0,0.5
1.0,-7.459490461769747e-06,60366,32.0,0.5,1.0,1.0,0.0,32.0,0.5
1.0,7.462519988621352e-07,60367,32.0,0.5,1.0,1.0,0.0,32.0,0.5
1.0,-2.700563300095382e-06,60367,32.0,0.5,1.0,1.0,0.0,32.0,0.5
1.0,-1.1542886113602435e-06,60368,32.0,0.5,1.0,1.0,0.0,32.0,0.5
1.0,1.6444353605038486e-05,60368,32.0,0.5,1.0,1.0,0.0,32.0,0.5
1.0,-2.393119075350114e-06,60369,32.0,0.5,1.0,1.0,0.0,32.0,0.5
1.0,-9.628214456824935e-07,60369,32.0,0.5,1.0,1.0,0.0,32.0,0.5
1.0,1.3359490367292892e-06,60370,32.0,0.5,1.0,1.0,0.0,32.0,0.5
1.0,3.393477072677342e-07,60370,32.0,0.5,1.0,1.0,0.0,32.0,0.5
1.0,-4.005379651061958e-06,60371,32.0,0.5,1.0,1.0,0.0,32.0,0.5
1.0,4.201057890895754e-06,60371,32.0,0.5,1.0,1.0,0.0,32.0,0.5
1.0,2.0272136680432595e-07,60372,32.0,0.5,1.0,1.0,0.0,32.0,0.5
1.0,-1.0570101949269883e-07,60372,32.0,0.5,1.0,1.0,0.0,32.0,0.5
1.0,6.549083082063589e-06,60373,32.0,0.5,1.0,1.0,0.0,32.0,0.5
1.0,-2.128050255123526e-06,60373,32.0,0.5,1.0,1.0,0.0,32.0,0.5
1.0,2.468911134201335e-06,60374,32.0,0.5,1.0,1.0,0.0,32.0,0.5
1.0,-7.132023711164948e-06,60374,32.0,0.5,1.0,1.0,0.0,32.0,0.5
1.0,-3.560382992873201e-07,60375,32.0,0.5,1.0,1.0,0.0,32.0,0.5
1.0,-1.546437033539405e-06,60375,32.0,0.5,1.0,1.0,0.0,32.0,0.5
1.0,4.202206127956742e-06,60376,32.0,0.5,1.0,1.0,0.0,32.0,0.5
1.0,1.1552376690815436e-06,60376,32.0,0.5,1.0,1.0,0.0,32.0,0.5
1.0,2.0168527044006623e-06,60377,32.0,0.5,1.0,1.0,0.0,32.0,0.5
1.0,1.1033271221094765e-06,60377,32.0,0.5,1.0,1.0,0.0,32.0,0.5
1.0,7.324558282562066e-06,60378,32.0,0.5,1.0,1.0,0.0,32.0,0.5
1.0,-5.59467571292771e-06,60378,32.0,0.5,1.0,1.0,0.0,32.0,0.5
1.0,-4.849061042477842e-06,60379,32.0,0.5,1.0,1.0,0.0,32.0,0.5
1.0,1.2953142913829652e-06,60379,32.0,0.5,1.0,1.0,0.0,32.0,0.5
1.0,2.5676995392132085e-06,60380,32.0,0.5,1.0,1.0,0.0,32.0,0.5
1.0,-7.030927918094676e-06,60380,32.0,0.5,1.0,1.0,0.0,32.0,0.5
1.0,-1.4288500551629113e-06,60381,32.0,0.5,1.0,1.0,0.0,32.0,0.5
1.0,-3.95767256122781e-06,60381,32.0,0.5,1.0,1.0,0.0,32.0,0.5
1.0,-2.315093297511339e-06,60382,32.0,0.5,1.0,1.0,0.0,32.0,0.5
1.0,-1.815874838939635e-06,60382,32.0,0.5,1.0,1.0,0.0,32.0,0.5
1.0,6.8044128056499176e-06,60383,32.0,0.5,1.0,1.0,0.0,32.0,0.5
1.0,3.312334229121916e-07,60383,32.0,0.5,1.0,1.0,0.0,32.0,0.5
1.0,-6.1623968576896004e-06,60384,32.0,0.5,1.0,1.0,0.0,32.0,0.5
1.0,-5.873456530025578e-07,60384,32.0,0.5,1.0,1.0,0.0,32.0,0.5
1.0,-6.560331712535117e-06,60385,32.0,0.5,1.0,1.0,0.0,32.0,0.5
1.0,-3.3667242860246915e-07,60385,32.0,0.5,1.0,1.0,0.0,32.0,0.5
1.0,4.938336132909171e-06,60386,32.0,0.5,1.0,1.0,0.0,32.0,0.5
1.0,2.7769901862484403e-06,60386,32.0,0.5,1.0,1.0,0.0,32.0,0.5
1.0,1.6711185253370786e-06,60387,32.0,0.5,1.0,1.0,0.0,32.0,0.5
1.0,-3.603176992328372e-06,60387,32.0,0.5,1.0,1.0,0.0,32.0,0.5
1.0,-2.6616553441272117e-06,60388,32.0,0.5,1.0,1.0,0.0,32.0,0.5
1.0,-1.5406965303554898e-06,60388,32.0,0.5,1.0,1.0,0.0,32.0,0.5
1.0,1.1461798976597493e-06,60389,32.0,0.5,1.0,1.0,0.0,32.0,0.5
1.0,5.487663202075055e-06,60389,32.0,0.5,1.0,1.0,0.0,32.0,0.5
1.0,-1.8784219264489366e-06,60390,32.0,0.5,1.0,1.0,0.0,32.0,0.5
1.0,8.128752597258426e-06,60390,32.0,0.5,1.0,1.0,0.0,32.0,0.5
1.0,4.167991392023396e-06,60391,32.0,0.5,1.0,1.0,0.0,32.0,0.5
1.0,-2.4476685211993754e-06,60391,32.0,0.5,1.0,1.0,0.0,32.0,0.5
1.0,2.1774180822831113e-06,60392,32.0,0.5,1.0,1.0,0.0,32.0,0.5
1.0,4.147334038862027e-06,60392,32.0,0.5,1.0,1.0,0.0,32.0,0.5
1.0,-3.1270285489881644e-06,60393,32.0,0.5,1.0,1.0,0.0,32.0,0.5
1.0,5.536948037843104e-07,60393,32.0,0.5,1.0,1.0,0.0,32.0,0.5
1.0,1.2023187991871964e-06,60394,32.0,0.5,1.0,1.0,0.0,32.0,0.5
1.0,2.9499212814698694e-06,60394,32.0,0.5,1.0,1.0,0.0,32.0,0.5
1.0,-4.07304423788446e-06,60395,32.0,0.5,1.0,1.0,0.0,32.0,0.5
1.0,5.64972469874192e-06,60395,32.0,0.5,1.0,1.0,0.0,32.0,0.5
1.0,5.714829967473634e-06,60396,32.0,0.5,1.0,1.0,0.0,32.0,0.5
1.0,-4.274259936210001e-06,60396,32.0,0.5,1.0,1.0,0.0,32.0,0.5
1.0,9.46632007980952e-06,60397,32.0,0.5,1.0,1.0,0.0,32.0,0.5
1.0,-1.9678741409734357e-06,60397,32.0,0.5,1.0,1.0,0.0,32.0,0.5
1.0,2.3223753942147596e-06,60398,32.0,0.5,1.0,1.0,0.0,32.0,0.5
1.0,1.7286140518990578e-06,60398,32.0,0.5,1.0,1.0,0.0,32.0,0.5
1.0,5.781678737548646e-06,60399,32.0,0.5,1.0,1.0,0.0,32.0,0.5
1.0,2.4912901608331595e-06,60399,32.0,0.5,1.0,1.0,0.0,32.0,0.5
1.0,-2.1001669665565714e-06,60400,32.0,0.5,1.0,1.0,0.0,32.0,0.5
1.0,3.021062639163574e-06,60400,32.0,0.5,1.0,1.0,0.0,32.0,0.5
1.0,1.8450342622600147e-06,60401,32.0,0.5,1.0,1.0,0.0,32.0,0.5
1.0,3.642685442173388e-08,60401,32.0,0.5,1.0,1.0,0.0,32.0,0.5
1.0,5.9305507420504e-06,60402,32.0,0.5,1.0,1.0,0.0,32.0,0.5
1.0,2.7098831196781248e-06,60402,32.0,0.5,1.0,1.0,0.0,32.0,0.5
1.0,-2.7207752282265574e-06,60403,32.0,0.5,1.0,1.0,0.0,32.0,0.5
1.0,-5.543350198422559e-06,60403,32.0,0.5,1.0,1.0,0.0,32.0,0.5
1.0,5.197161499381764e-06,60404,32.0,0.5,1.0,1.0,0.0,32.0,0.5
1.0,-5.369309747038642e-06,60404,32.0,0.5,1.0,1.0,0.0,32.0,0.5
1.0,-3.5416421724221436e-06,60405,32.0,0.5,1.0,1.0,0.0,32.0,0.5
1.0,5.899353254790185e-07,60405,32.0,0.5,1.0,1.0,0.0,32.0,0.5
1.0,1.8998296127392678e-06,60406,32.0,0.5,1.0,1.0,0.0,32.0,0.5
1.0,-5.878562205907656e-07,60406,32.0,0.5,1.0,1.0,0.0,32.0,0.5
1.0,-2.1670321075362153e-06,60407,32.0,0.5,1.0,1.0,0.0,32.0,0.5
1.0,5.719725777453277e-06,60407,32.0,0.5,1.0,1.0,0.0,32.0,0.5
1.0,9.591531124897301e-07,60408,32.0,0.5,1.0,1.0,0.0,32.0,0.5
1.0,-1.8634955267771147e-06,60408,32.0,0.5,1.0,1.0,0.0,32.0,0.5
1.0,-5.066140147391707e-06,60409,32.0,0.5,1.0,1.0,0.0,32.0,0.5
1.0,4.753374014399014e-06,60409,32.0,0.5,1.0,1.0,0.0,32.0,0.5
1.0,-1.0267096513416618e-05,60410,32.0,0.5,1.0,1.0,0.0,32.0,0.5
1.0,-4.45742762167356e-06,60410,32.0,0.5,1.0,1.0,0.0,32.0,0.5
1.0,-3.1717086130811367e-06,60411,32.0,0.5,1.0,1.0,0.0,32.0,0.5
1.0,3.550958354026079e-06,60411,32.0,0.5,1.0,1.0,0.0,32.0,0.5
1.0,-6.486973688879516e-06,60412,32.0,0.5,1.0,1.0,0.0,32.0,0.5
1.0,6.174011559778592e-06,60412,32.0,0.5,1.0,1.0,0.0,32.0,0.5
1.0,8.126407919917256e-06,60413,32.0,0.5,1.0,1.0,0.0,32.0,0.5
1.0,-2.996146122313803e-07,60413,32.0,0.5,1.0,1.0,0.0,32.0,0.5
1.0,-3.8351145121851005e-06,60414,32.0,0.5,1.0,1.0,0.0,32.0,0.5
1.0,-4.8139459067897405e-06,60414,32.0,0.5,1.0,1.0,0.0,32.0,0.5
1.0,9.510907830190263e-07,60415,32.0,0.5,1.0,1.0,0.0,32.0,0.5
1.0,-1.3979588402435184e-06,60415,32.0,0.5,1.0,1.0,0.0,32.0,0.5
1.0,-8.413143405050505e-06,60416,32.0,0.5,1.0,1.0,0.0,32.0,0.5
1.0,-3.8296957427519374e-07,60416,32.0,0.5,1.0,1.0,0.0,32.0,0.5
1.0,2.357894572924124e-06,60417,32.0,0.5,1.0,1.0,0.0,32.0,0.5
1.0,-5.496679477801081e-06,60417,32.0,0.5,1.0,1.0,0.0,32.0,0.5
1.0,-5.724219136027386e-06,60418,32.0,0.5,1.0,1.0,0.0,32.0,0.5
1.0,-4.4659382183454e-06,60418,32.0,0.5,1.0,1.0,0.0,32.0,0.5
1.0,-1.8516525415179785e-06,60419,32.0,0.5,1.0,1.0,0.0,32.0,0.5
1.0,3.880131771438755e-06,60419,32.0,0.5,1.0,1.0,0.0,32.0,0.5
1.0,-4.580544555210508e-06,60420,32.0,0.5,1.0,1.0,0.0,32.0,0.5
1.0,-6.52786093269242e-06,60420,32.0,0.5,1.0,1.0,0.0,32.0,0.5
1.0,3.6054241263627773e-06,60421,32.0,0.5,1.0,1.0,0.0,32.0,0.5
1.0,1.976264229597291e-06,60421,32.0,0.5,1.0,1.0,0.0,32.0,0.5
1.0,4.4023072405252606e-06,60422,32.0,0.5,1.0,1.0,0.0,32.0,0.5
1.0,-7.995897249202244e-06,60422,32.0,0.5,1.0,1.0,0.0,32.0,0.5
1.0,1.7149035329566686e-06,60423,32.0,0.5,1.0,1.0,0.0,32.0,0.5
1.0,-1.9475769477139693e-06,60423,32.0,0.5,1.0,1.0,0.0,32.0,0.5
1.0,1.9945571239077253e-06,60424,32.0,0.5,1.0,1.0,0.0,32.0,0.5
1.0,-1.1994120541203301e-06,60424,32.0,0.5,1.0,1.0,0.0,32.0,0.5
1.0,-7.272901711985469e-06,60425,32.0,0.5,1.0,1.0,0.0,32.0,0.5
1.0,7.73941064835526e-06,60425,32.0,0.5,1.0,1.0,0.0,32.0,0.5
1.0,-1.2303619314479874e-06,60426,32.0,0.5,1.0,1.0,0.0,32.0,0.5
1.0,8.732826017876505e-08,60426,32.0,0.5,1.0,1.0,0.0,32.0,0.5
1.0,5.623557626677211e-06,60427,32.0,0.5,1.0,1.0,0.0,32.0,0.5
1.0,-6.978889359743334e-07,60427,32.0,0.5,1.0,1.0,0.0,32.0,0.5
1.0,-1.2530543926914106e-06,60428,32.0,0.5,1.0,1.0,0.0,32.0,0.5
1.0,-8.380351573578082e-06,60428,32.0,0.5,1.0,1.0,0.0,32.0,0.5
1.0,4.124259248783346e-06,60429,32.0,0.5,1.0,1.0,0.0,32.0,0.5
1.0,-3.933691004931461e-06,60429,32.0,0.5,1.0,1.0,0.0,32.0,0.5
1.0,-1.6618762401776621e-06,60430,32.0,0.5,1.0,1.0,0.0,32.0,0.5
1.0,3.4816362131095957e-06,60430,32.0,0.5,1.0,1.0,0.0,32.0,0.5
1.0,1.8576781712908996e-06,60431,32.0,0.5,1.0,1.0,0.0,32.0,0.5
1.0,7.842732884455472e-06,60431,32.0,0.5,1.0,1.0,0.0,32.0,0.5
1.0,-6.968399247853085e-06,60432,32.0,0.5,1.0,1.0,0.0,32.0,0.5
1.0,-4.3913246372540016e-06,60432,32.0,0.5,1.0,1.0,0.0,32.0,0.5
1.0,4.88500518258661e-06,60433,32.0,0.5,1.0,1.0,0.0,32.0,0.5
1.0,1.9878164039255353e-06,60433,32.0,0.5,1.0,1.0,0.0,32.0,0.5
1.0,-4.927709596813656e-06,60434,32.0,0.5,1.0,1.0,0.0,32.0,0.5
1.0,-8.957698810263537e-06,60434,32.0,0.5,1.0,1.0,0.0,32.0,0.5
1.0,-7.025957074802136e-06,60435,32.0,0.5,1.0,1.0,0.0,32.0,0.5
1.0,3.006626457136008e-06,60435,32.0,0.5,1.0,1.0,0.0,32.0,0.5
1.0,-2.759081553449505e-06,60436,32.0,0.5,1.0,1.0,0.0,32.0,0.5
1.0,9.831499028223334e-07,60436,32.0,0.5,1.0,1.0,0.0,32.0,0.5
1.0,1.6509548004250973e-06,60437,32.0,0.5,1.0,1.0,0.0,32.0,0.5
1.0,-9.85255519481143e-06,60437,32.0,0.5,1.0,1.0,0.0,32.0,0.5
1.0,-3.6721278320328565e-06,60438,32.0,0.5,1.0,1.0,0.0,32.0,0.5
1.0,-5.92313290326274e-06,60438,32.0,0.5,1.0,1.0,0.0,32.0,0.5
1.0,-1.7544772390465369e-06,60439,32.0,0.5,1.0,1.0,0.0,32.0,0.5
1.0,-1.1954771252931096e-06,60439,32.0,0.5,1.0,1.0,0.0,32.0,0.5
1.0,8.207155133277411e-07,60440,32.0,0.5,1.0,1.0,0.0,32.0,0.5
1.0,-8.371853255084716e-07,60440,32.0,0.5,1.0,1.0,0.0,32.0,0.5
1.0,5.902687007619534e-06,60441,32.0,0.5,1.0,1.0,0.0,32.0,0.5
1.0,5.599896439889562e-07,60441,32.0,0.5,1.0,1.0,0.0,32.0,0.5
1.0,6.105676675360883e-07,60442,32.0,0.5,1.0,1.0,0.0,32.0,0.5
1.0,-4.419705874170177e-06,60442,32.0,0.5,1.0,1.0,0.0,32.0,0.5
1.0,5.736063940275926e-06,60443,32.0,0.5,1.0,1.0,0.0,32.0,0.5
1.0,-1.999007736230851e-06,60443,32.0,0.5,1.0,1.0,0.0,32.0,0.5
1.0,6.294567356235348e-07,60444,32.0,0.5,1.0,1.0,0.0,32.0,0.5
1.0,-1.4927184111002134e-07,60444,32.0,0.5,1.0,1.0,0.0,32.0,0.5
1.0,-3.787590458159684e-06,60445,32.0,0.5,1.0,1.0,0.0,32.0,0.5
1.0,-2.3960637918207794e-09,60445,32.0,0.5,1.0,1.0,0.0,32.0,0.5
1.0,-2.779551323328633e-06,60446,32.0,0.5,1.0,1.0,0.0,32.0,0.5
1.0,-3.6630940485338215e-06,60446,32.0,0.5,1.0,1.0,0.0,32.0,0.5
1.0,-1.0612678806865006e-06,60447,32.0,0.5,1.0,1.0,0.0,32.0,0.5
1.0,9.701835551823024e-06,60447,32.0,0.5,1.0,1.0,0.0,32.0,0.5
1.0,-4.988904947822448e-06,60448,32.0,0.5,1.0,1.0,0.0,32.0,0.5
1.0,6.581131401617313e-06,60448,32.0,0.5,1.0,1.0,0.0,32.0,0.5
1.0,-7.865885891078506e-06,60449,32.0,0.5,1.0,1.0,0.0,32.0,0.5
1.0,1.4860441979180905e-06,60449,32.0,0.5,1.0,1.0,0.0,32.0,0.5
1.0,3.6760479815711733e-07,60450,32.0,0.5,1.0,1.0,0.0,32.0,0.5
1.0,-1.978436193894595e-05,60450,32.0,0.5,1.0,1.0,0.0,32.0,0.5
1.0,-6.492017746495549e-06,60451,32.0,0.5,1.0,1.0,0.0,32.0,0.5
1.0,-3.1010611110104946e-06,60451,32.0,0.5,1.0,1.0,0.0,32.0,0.5
0.96875,1.3949376344680786,60452,32.0,0.5,1.0,0.984375,0.0,32.0,0.515625
1.0,-4.500655450101476e-06,60452,32.0,0.5,1.0,1.0,0.0,32.0,0.5
1.0,2.8292126899032155e-06,60453,32.0,0.5,1.0,1.0,0.0,32.0,0.5
1.0,-4.1818307181529235e-06,60453,32.0,0.5,1.0,1.0,0.0,32.0,0.5
1.0,4.389675268612336e-06,60454,32.0,0.5,1.0,1.0,0.0,32.0,0.5
1.0,2.889083248192037e-07,60454,32.0,0.5,1.0,1.0,0.0,32.0,0.5
1.0,-8.005379186215578e-07,60455,32.0,0.5,1.0,1.0,0.0,32.0,0.5
1.0,-3.5757616387854796e-06,60455,32.0,0.5,1.0,1.0,0.0,32.0,0.5
1.0,-6.1547225413960405e-06,60456,32.0,0.5,1.0,1.0,0.0,32.0,0.5
1.0,-2.8383458356984193e-06,60456,32.0,0.5,1.0,1.0,0.0,32.0,0.5
1.0,2.9720731617999263e-06,60457,32.0,0.5,1.0,1.0,0.0,32.0,0.5
1.0,-1.1479411909931514e-07,60457,32.0,0.5,1.0,1.0,0.0,32.0,0.5
1.0,-7.0910296017245855e-06,60458,32.0,0.5,1.0,1.0,0.0,32.0,0.5
1.0,7.256315939230262e-07,60458,32.0,0.5,1.0,1.0,0.0,32.0,0.5
1.0,6.3299348767031915e-06,60459,32.0,0.5,1.0,1.0,0.0,32.0,0.5
1.0,-7.070532319630729e-07,60459,32.0,0.5,1.0,1.0,0.0,32.0,0.5
1.0,4.933195668854751e-06,60460,32.0,0.5,1.0,1.0,0.0,32.0,0.5
1.0,2.642921117512742e-07,60460,32.0,0.5,1.0,1.0,0.0,32.0,0.5
1.0,3.854328952002106e-06,60461,32.0,0.5,1.0,1.0,0.0,32.0,0.5
1.0,-2.7082896849606186e-06,60461,32.0,0.5,1.0,1.0,0.0,32.0,0.5
1.0,1.7783075918487157e-06,60462,32.0,0.5,1.0,1.0,0.0,32.0,0.5
1.0,5.2723330554727e-06,60462,32.0,0.5,1.0,1.0,0.0,32.0,0.5
1.0,-1.268536379939178e-06,60463,32.0,0.5,1.0,1.0,0.0,32.0,0.5
1.0,4.954212045049644e-07,60463,32.0,0.5,1.0,1.0,0.0,32.0,0.5
1.0,-2.3965972104633693e-06,60464,32.0,0.5,1.0,1.0,0.0,32.0,0.5
1.0,4.639006419893121e-06,60464,32.0,0.5,1.0,1.0,0.0,32.0,0.5
1.0,7.580584679089952e-06,60465,32.0,0.5,1.0,1.0,0.0,32.0,0.5
1.0,1.4855813788017258e-06,60465,32.0,0.5,1.0,1.0,0.0,32.0,0.5
1.0,-5.8591376728145406e-06,60466,32.0,0.5,1.0,1.0,0.0,32.0,0.5
1.0,-3.682204805954825e-06,60466,32.0,0.5,1.0,1.0,0.0,32.0,0.5
1.0,2.0362324448797153e-07,60467,32.0,0.5,1.0,1.0,0.0,32.0,0.5
1.0,4.853236987401033e-06,60467,32.0,0.5,1.0,1.0,0.0,32.0,0.5
1.0,-4.101561899005901e-06,60468,32.0,0.5,1.0,1.0,0.0,32.0,0.5
1.0,3.908084636350395e-06,60468,32.0,0.5,1.0,1.0,0.0,32.0,0.5
1.0,-5.918017222938943e-07,60469,32.0,0.5,1.0,1.0,0.0,32.0,0.5
1.0,-5.9474750742083415e-06,60469,32.0,0.5,1.0,1.0,0.0,32.0,0.5
1.0,-3.7859726944589056e-06,60470,32.0,0.5,1.0,1.0,0.0,32.0,0.5
1.0,-2.4211776690208353e-06,60470,32.0,0.5,1.0,1.0,0.0,32.0,0.5
1.0,-7.95957566879224e-06,60471,32.0,0.5,1.0,1.0,0.0,32.0,0.5
1.0,-5.601466000371147e-06,60471,32.0,0.5,1.0,1.0,0.0,32.0,0.5
1.0,-2.6857621833187295e-06,60472,32.0,0.5,1.0,1.0,0.0,32.0,0.5
1.0,-7.6052601798437536e-06,60472,32.0,0.5,1.0,1.0,0.0,32.0,0.5
1.0,3.7371646612882614e-06,60473,32.0,0.5,1.0,1.0,0.0,32.0,0.5
1.0,2.9833097414666554e-06,60473,32.0,0.5,1.0,1.0,0.0,32.0,0.5
1.0,-5.827391305501806e-06,60474,32.0,0.5,1.0,1.0,0.0,32.0,0.5
1.0,3.6748947422893252e-06,60474,32.0,0.5,1.0,1.0,0.0,32.0,0.5
1.0,9.903968020807952e-06,60475,32.0,0.5,1.0,1.0,0.0,32.0,0.5
1.0,1.2104319466743618e-06,60475,32.0,0.5,1.0,1.0,0.0,32.0,0.5
1.0,-1.146035401689005e-06,60476,32.0,0.5,1.0,1.0,0.0,32.0,0.5
1.0,-3.446351911406964e-06,60476,32.0,0.5,1.0,1.0,0.0,32.0,0.5
1.0,-2.5620392989367247e-06,60477,32.0,0.5,1.0,1.0,0.0,32.0,0.5
1.0,-1.1842275853268802e-06,60477,32.0,0.5,1.0,1.0,0.0,32.0,0.5
1.0,-4.180145879217889e-06,60478,32.0,0.5,1.0,1.0,0.0,32.0,0.5
1.0,3.344228389323689e-06,60478,32.0,0.5,1.0,1.0,0.0,32.0,0.5
1.0,-2.0301345102780033e-06,60479,32.0,0.5,1.0,1.0,0.0,32.0,0.5
1.0,2.2499343685922213e-06,60479,32.0,0.5,1.0,1.0,0.0,32.0,0.5
1.0,-1.3229224350652657e-05,60480,32.0,0.5,1.0,1.0,0.0,32.0,0.5
1.0,4.407814230944496e-06,60480,32.0,0.5,1.0,1.0,0.0,32.0,0.5
1.0,-1.3775463685306022e-06,60481,32.0,0.5,1.0,1.0,0.0,32.0,0.5
1.0,2.721978944464354e-06,60481,32.0,0.5,1.0,1.0,0.0,32.0,0.5
1.0,2.9813372748321854e-07,60482,32.0,0.5,1.0,1.0,0.0,32.0,0.5
1.0,8.740629709791392e-06,60482,32.0,0.5,1.0,1.0,0.0,32.0,0.5
1.0,-2.100508481817087e-06,60483,32.0,0.5,1.0,1.0,0.0,32.0,0.5
1.0,-1.0212806046183687e-05,60483,32.0,0.5,1.0,1.0,0.0,32.0,0.5
1.0,2.243941935375915e-06,60484,32.0,0.5,1.0,1.0,0.0,32.0,0.5
1.0,2.8103845579607878e-06,60484,32.0,0.5,1.0,1.0,0.0,32.0,0.5
1.0,3.234792075090809e-06,60485,32.0,0.5,1.0,1.0,0.0,32.0,0.5
1.0,6.2158796936273575e-06,60485,32.0,0.5,1.0,1.0,0.0,32.0,0.5
1.0,1.323647438766784e-06,60486,32.0,0.5,1.0,1.0,0.0,32.0,0.5
1.0,-6.466970717156073e-06,60486,32.0,0.5,1.0,1.0,0.0,32.0,0.5
1.0,5.12235510541359e-06,60487,32.0,0.5,1.0,1.0,0.0,32.0,0.5
1.0,7.672019819437992e-06,60487,32.0,0.5,1.0,1.0,0.0,32.0,0.5
1.0,-4.074274784215959e-07,60488,32.0,0.5,1.0,1.0,0.0,32.0,0.5
1.0,-5.123103619553149e-06,60488,32.0,0.5,1.0,1.0,0.0,32.0,0.5
1.0,1.749492071212444e-06,60489,32.0,0.5,1.0,1.0,0.0,32.0,0.5
1.0,1.6273340861516772e-06,60489,32.0,0.5,1.0,1.0,0.0,32.0,0.5
1.0,-6.463237241405295e-06,60490,32.0,0.5,1.0,1.0,0.0,32.0,0.5
1.0,-1.554365780975786e-06,60490,32.0,0.5,1.0,1.0,0.0,32.0,0.5
1.0,3.3374012673448306e-06,60491,32.0,0.5,1.0,1.0,0.0,32.0,0.5
1.0,4.333662673161598e-06,60491,32.0,0.5,1.0,1.0,0.0,32.0,0.5
1.0,3.9793158066459e-06,60492,32.0,0.5,1.0,1.0,0.0,32.0,0.5
1.0,8.844149874676077e-07,60492,32.0,0.5,1.0,1.0,0.0,32.0,0.5
1.0,-2.6229997729387833e-06,60493,32.0,0.5,1.0,1.0,0.0,32.0,0.5
1.0,4.883520432485966e-06,60493,32.0,0.5,1.0,1.0,0.0,32.0,0.5
1.0,6.907313036208507e-06,60494,32.0,0.5,1.0,1.0,0.0,32.0,0.5
1.0,-5.1360621000640094e-06,60494,32.0,0.5,1.0,1.0,0.0,32.0,0.5
1.0,-4.066298060934059e-06,60495,32.0,0.5,1.0,1.0,0.0,32.0,0.5
1.0,-4.677719971368788e-07,60495,32.0,0.5,1.0,1.0,0.0,32.0,0.5
1.0,1.1702759366016835e-06,60496,32.0,0.5,1.0,1.0,0.0,32.0,0.5
1.0,6.492616648756666e-07,60496,32.0,0.5,1.0,1.0,0.0,32.0,0.5
1.0,1.1791782526415773e-05,60497,32.0,0.5,1.0,1.0,0.0,32.0,0.5
1.0,8.931206139095593e-06,60497,32.0,0.5,1.0,1.0,0.0,32.0,0.5
1.0,3.2228906547970837e-06,60498,32.0,0.5,1.0,1.0,0.0,32.0,0.5
1.0,-3.106424628640525e-08,60498,32.0,0.5,1.0,1.0,0.0,32.0,0.5
1.0,6.0631009546341375e-06,60499,32.0,0.5,1.0,1.0,0.0,32.0,0.5
1.0,-3.457103048276622e-06,60499,32.0,0.5,1.0,1.0,0.0,32.0,0.5
1.0,3.082941475440748e-06,60500,32.0,0.5,1.0,1.0,0.0,32.0,0.5
1.0,1.930391590576619e-06,60500,32.0,0.5,1.0,1.0,0.0,32.0,0.5
1.0,2.1950522750557866e-06,60501,32.0,0.5,1.0,1.0,0.0,32.0,0.5
1.0,-5.143638645677129e-06,60501,32.0,0.5,1.0,1.0,0.0,32.0,0.5
1.0,-1.3003924550503143e-06,60502,32.0,0.5,1.0,1.0,0.0,32.0,0.5
1.0,7.522546638938366e-07,60502,32.0,0.5,1.0,1.0,0.0,32.0,0.5
1.0,-4.7058224481588695e-06,60503,32.0,0.5,1.0,1.0,0.0,32.0,0.5
1.0,-1.981964487640653e-06,60503,32.0,0.5,1.0,1.0,0.0,32.0,0.5
1.0,6.142729944258463e-06,60504,32.0,0.5,1.0,1.0,0.0,32.0,0.5
1.0,9.891128684103023e-06,60504,32.0,0.5,1.0,1.0,0.0,32.0,0.5
1.0,3.69723284165957e-06,60505,32.0,0.5,1.0,1.0,0.0,32.0,0.5
1.0,1.2100314279450686e-06,60505,32.0,0.5,1.0,1.0,0.0,32.0,0.5
1.0,5.913652330491459e-06,60506,32.0,0.5,1.0,1.0,0.0,32.0,0.5
1.0,6.141135600046255e-06,60506,32.0,0.5,1.0,1.0,0.0,32.0,0.5
1.0,4.921677827951498e-06,60507,32.0,0.5,1.0,1.0,0.0,32.0,0.5
1.0,4.861514753429219e-06,60507,32.0,0.5,1.0,1.0,0.0,32.0,0.5
1.0,-2.446284725010628e-06,60508,32.0,0.5,1.0,1.0,0.0,32.0,0.5
1.0,-1.3245746686152415e-06,60508,32.0,0.5,1.0,1.0,0.0,32.0,0.5
1.0,-1.2297277862671763e-06,60509,32.0,0.5,1.0,1.0,0.0,32.0,0.5
1.0,4.570794317260152e-06,60509,32.0,0.5,1.0,1.0,0.0,32.0,0.5
1.0,-7.88104716775706e-06,60510,32.0,0.5,1.0,1.0,0.0,32.0,0.5
1.0,-9.555671567795798e-06,60510,32.0,0.5,1.0,1.0,0.0,32.0,0.5
1.0,3.5487823879520874e-06,60511,32.0,0.5,1.0,1.0,0.0,32.0,0.5
1.0,2.4838298031681916e-06,60511,32.0,0.5,1.0,1.0,4.005807875143689e-08,32.0,0.5
1.0,2.603824668767629e-06,60512,32.0,0.5,1.0,1.0,0.0,32.0,0.5
1.0,-4.784254088008311e-06,60512,32.0,0.5,1.0,1.0,0.0,32.0,0.5
1.0,-5.28383952769218e-06,60513,32.0,0.5,1.0,1.0,0.0,32.0,0.5
1.0,-2.9110042305546813e-06,60513,32.0,0.5,1.0,1.0,0.0,32.0,0.5
1.0,-4.00307771997177e-06,60514,32.0,0.5,1.0,1.0,0.0,32.0,0.5
1.0,-2.5863914743240457e-06,60514,32.0,0.5,1.0,1.0,0.0,32.0,0.5
1.0,-4.062330845044926e-07,60515,32.0,0.5,1.0,1.0,0.0,32.0,0.5
1.0,-4.407625056046527e-06,60515,32.0,0.5,1.0,1.0,0.0,32.0,0.5
1.0,1.3687266800843645e-05,60516,32.0,0.5,1.0,1.0,0.0,32.0,0.5
1.0,-7.856990123400465e-06,60516,32.0,0.5,1.0,1.0,0.0,32.0,0.5
1.0,-3.35047207045136e-06,60517,32.0,0.5,1.0,1.0,0.0,32.0,0.5
0.96875,0.018215931951999664,60517,32.0,0.5,1.0,0.984375,0.009694781990150593,32.0,0.515625
0.96875,1.5209840536117554,60518,32.0,0.5,1.0,0.984375,0.0,32.0,0.515625
1.0,3.664895530164358e-06,60518,32.0,0.5,1.0,1.0,0.0,32.0,0.5
1.0,-6.037730145180831e-06,60519,32.0,0.5,1.0,1.0,0.0,32.0,0.5
1.0,-1.5842567790969042e-07,60519,32.0,0.5,1.0,1.0,0.0,32.0,0.5
1.0,-1.1079715477535501e-05,60520,32.0,0.5,1.0,1.0,0.0,32.0,0.5
1.0,-2.118008524121251e-06,60520,32.0,0.5,1.0,1.0,0.0,32.0,0.5
1.0,-8.430655498159467e-07,60521,32.0,0.5,1.0,1.0,0.0,32.0,0.5
0.90625,4.665186882019043,60521,32.0,0.5,1.0,0.953125,0.0,32.0,0.546875
1.0,3.137054136459483e-06,60522,32.0,0.5,1.0,1.0,0.0,32.0,0.5
1.0,4.4678540689346846e-07,60522,32.0,0.5,1.0,1.0,0.0,32.0,0.5
1.0,-3.4078429962391965e-06,60523,32.0,0.5,1.0,1.0,0.0,32.0,0.5
1.0,1.7608506368560484e-06,60523,32.0,0.5,1.0,1.0,0.0,32.0,0.5
0.90625,0.32391729950904846,60524,32.0,0.5,1.0,0.953125,0.0003698126491351309,32.0,0.546875
1.0,-6.876874749650597e-07,60524,32.0,0.5,1.0,1.0,0.0,32.0,0.5
1.0,-2.1526971067942213e-06,60525,32.0,0.5,1.0,1.0,0.0,32.0,0.5
1.0,-8.079256986093242e-06,60525,32.0,0.5,1.0,1.0,0.0,32.0,0.5
1.0,-3.991954145021737e-06,60526,32.0,0.5,1.0,1.0,0.0,32.0,0.5
1.0,3.1166241569735575e-06,60526,32.0,0.5,1.0,1.0,0.0,32.0,0.5
1.0,-2.867735929612536e-06,60527,32.0,0.5,1.0,1.0,0.0,32.0,0.5
1.0,4.2179749470960815e-06,60527,32.0,0.5,1.0,1.0,0.0,32.0,0.5
1.0,5.266336756903911e-06,60528,32.0,0.5,1.0,1.0,0.0,32.0,0.5
1.0,9.603767466614954e-06,60528,32.0,0.5,1.0,1.0,0.0,32.0,0.5
1.0,-5.202447937335819e-06,60529,32.0,0.5,1.0,1.0,0.0,32.0,0.5
1.0,-8.501558113493957e-06,60529,32.0,0.5,1.0,1.0,0.0,32.0,0.5
1.0,3.662001745396992e-06,60530,32.0,0.5,1.0,1.0,0.0,32.0,0.5
1.0,-9.444215720577631e-07,60530,32.0,0.5,1.0,1.0,0.0,32.0,0.5
1.0,4.040301064378582e-06,60531,32.0,0.5,1.0,1.0,0.0,32.0,0.5
1.0,-2.4873320398910437e-06,60531,32.0,0.5,1.0,1.0,0.0,32.0,0.5
1.0,-1.251079811481759e-05,60532,32.0,0.5,1.0,1.0,0.0,32.0,0.5
1.0,-1.3819110790791456e-05,60532,32.0,0.5,1.0,1.0,0.0,32.0,0.5
