raw/disc/disc_acc_gen,raw/disc/disc_loss,raw/disc/global_step,raw/disc/n_generated,raw/disc/disc_proportion_expert_true,raw/disc/disc_acc_expert,raw/disc/disc_acc,raw/disc/disc_entropy,raw/disc/n_expert,raw/disc/disc_proportion_expert_pred
1.0,0.00016784656327217817,335381,32.0,0.5,1.0,1.0,0.0,32.0,0.5
1.0,-1.941340815392323e-05,335381,32.0,0.5,1.0,1.0,0.0,32.0,0.5
1.0,-7.280896534211934e-05,335382,32.0,0.5,1.0,1.0,0.0,32.0,0.5
1.0,-3.882828605128452e-05,335382,32.0,0.5,1.0,1.0,0.0,32.0,0.5
1.0,-4.3181793444091454e-05,335383,32.0,0.5,1.0,1.0,0.0,32.0,0.5
1.0,0.00010388826194684952,335383,32.0,0.5,1.0,1.0,0.0,32.0,0.5
1.0,0.00020696880528703332,335384,32.0,0.5,1.0,1.0,0.0,32.0,0.5
1.0,4.882844223175198e-05,335384,32.0,0.5,1.0,1.0,0.0,32.0,0.5
1.0,5.334878733265214e-05,335385,32.0,0.5,1.0,1.0,0.0,32.0,0.5
1.0,-8.189310028683394e-05,335385,32.0,0.5,1.0,1.0,0.0,32.0,0.5
1.0,9.569388930685818e-05,335386,32.0,0.5,1.0,1.0,0.0,32.0,0.5
1.0,5.0282655138289556e-05,335386,32.0,0.5,1.0,1.0,0.0,32.0,0.5
1.0,4.1464205423835665e-05,335387,32.0,0.5,1.0,1.0,0.0,32.0,0.5
1.0,-2.2581825760426e-05,335387,32.0,0.5,1.0,1.0,0.0,32.0,0.5
1.0,8.086251182248816e-05,335388,32.0,0.5,1.0,1.0,0.0,32.0,0.5
1.0,-9.231871081283316e-05,335388,32.0,0.5,1.0,1.0,0.0,32.0,0.5
1.0,-2.977119220304303e-05,335389,32.0,0.5,1.0,1.0,0.0,32.0,0.5
1.0,2.104990926454775e-05,335389,32.0,0.5,1.0,1.0,0.0,32.0,0.5
1.0,0.00011374457244528458,335390,32.0,0.5,1.0,1.0,0.0,32.0,0.5
1.0,8.264951611636207e-05,335390,32.0,0.5,1.0,1.0,0.0,32.0,0.5
1.0,1.2921023881062865e-05,335391,32.0,0.5,1.0,1.0,0.0,32.0,0.5
1.0,-0.0002640484308358282,335391,32.0,0.5,1.0,1.0,0.0,32.0,0.5
1.0,5.666444849339314e-05,335392,32.0,0.5,1.0,1.0,0.0,32.0,0.5
1.0,-9.270866030419711e-06,335392,32.0,0.5,1.0,1.0,0.0,32.0,0.5
1.0,5.301170313032344e-05,335393,32.0,0.5,1.0,1.0,0.0,32.0,0.5
1.0,2.7409721951698884e-05,335393,32.0,0.5,1.0,1.0,0.0,32.0,0.5
1.0,-6.897949788253754e-06,335394,32.0,0.5,1.0,1.0,0.0,32.0,0.5
1.0,-0.00014980111154727638,335394,32.0,0.5,1.0,1.0,0.0,32.0,0.5
1.0,-0.00013451301492750645,335395,32.0,0.5,1.0,1.0,0.0,32.0,0.5
1.0,3.833501978078857e-05,335395,32.0,0.5,1.0,1.0,0.0,32.0,0.5
1.0,-0.00017778310575522482,335396,32.0,0.5,1.0,1.0,0.0,32.0,0.5
1.0,-3.114940773230046e-05,335396,32.0,0.5,1.0,1.0,0.0,32.0,0.5
1.0,1.6367179341614246e-05,335397,32.0,0.5,1.0,1.0,0.0,32.0,0.5
1.0,-5.0390321121085435e-05,335397,32.0,0.5,1.0,1.0,0.0,32.0,0.5
1.0,-0.00015515276754740626,335398,32.0,0.5,1.0,1.0,0.0,32.0,0.5
1.0,-6.932031101314351e-05,335398,32.0,0.5,1.0,1.0,0.0,32.0,0.5
1.0,3.392873622942716e-05,335399,32.0,0.5,1.0,1.0,0.0,32.0,0.5
1.0,-2.4980268790386617e-05,335399,32.0,0.5,1.0,1.0,0.0,32.0,0.5
1.0,2.4462387955281883e-06,335400,32.0,0.5,1.0,1.0,0.0,32.0,0.5
1.0,2.6297591830370948e-05,335400,32.0,0.5,1.0,1.0,0.0,32.0,0.5
1.0,1.4546534657711163e-05,335401,32.0,0.5,1.0,1.0,0.0,32.0,0.5
1.0,2.161589691240806e-05,335401,32.0,0.5,1.0,1.0,0.0,32.0,0.5
1.0,-7.653018838027492e-05,335402,32.0,0.5,1.0,1.0,0.0,32.0,0.5
1.0,-0.00014283027849160135,335402,32.0,0.5,1.0,1.0,0.0,32.0,0.5
1.0,8.091358176898211e-05,335403,32.0,0.5,1.0,1.0,0.0,32.0,0.5
1.0,4.2807521822396666e-05,335403,32.0,0.5,1.0,1.0,0.0,32.0,0.5
1.0,-0.00034623953979462385,335404,32.0,0.5,1.0,1.0,0.0,32.0,0.5
1.0,8.522778080077842e-05,335404,32.0,0.5,1.0,1.0,0.0,32.0,0.5
1.0,-5.0327776989433914e-05,335405,32.0,0.5,1.0,1.0,0.0,32.0,0.5
1.0,-5.255430733086541e-05,335405,32.0,0.5,1.0,1.0,0.0,32.0,0.5
1.0,-4.275265382602811e-05,335406,32.0,0.5,1.0,1.0,0.0,32.0,0.5
1.0,-0.00013045630475971848,335406,32.0,0.5,1.0,1.0,0.0,32.0,0.5
1.0,0.0001772195246303454,335407,32.0,0.5,1.0,1.0,0.0,32.0,0.5
1.0,-7.713060767855495e-05,335407,32.0,0.5,1.0,1.0,0.0,32.0,0.5
1.0,3.7907382647972554e-05,335408,32.0,0.5,1.0,1.0,0.0,32.0,0.5
1.0,-0.0001459614431951195,335408,32.0,0.5,1.0,1.0,0.0,32.0,0.5
1.0,2.862354085664265e-05,335409,32.0,0.5,1.0,1.0,0.0,32.0,0.5
1.0,9.283284452976659e-05,335409,32.0,0.5,1.0,1.0,0.0,32.0,0.5
1.0,-1.7313235730398446e-05,335410,32.0,0.5,1.0,1.0,0.0,32.0,0.5
1.0,7.760518201394007e-05,335410,32.0,0.5,1.0,1.0,0.0,32.0,0.5
1.0,0.0002759111230261624,335411,32.0,0.5,1.0,1.0,0.0,32.0,0.5
1.0,-1.1038182492484339e-05,335411,32.0,0.5,1.0,1.0,0.0,32.0,0.5
1.0,0.0002113141235895455,335412,32.0,0.5,1.0,1.0,0.0,32.0,0.5
1.0,-6.787590245949104e-05,335412,32.0,0.5,1.0,1.0,0.0,32.0,0.5
1.0,0.0002793949970509857,335413,32.0,0.5,1.0,1.0,0.0,32.0,0.5
1.0,2.7184612918063067e-05,335413,32.0,0.5,1.0,1.0,0.0,32.0,0.5
1.0,1.2248617167642806e-05,335414,32.0,0.5,1.0,1.0,0.0,32.0,0.5
1.0,-0.00022004162019584328,335414,32.0,0.5,1.0,1.0,0.0,32.0,0.5
1.0,9.502297325525433e-05,335415,32.0,0.5,1.0,1.0,0.0,32.0,0.5
1.0,8.77783095347695e-05,335415,32.0,0.5,1.0,1.0,0.0,32.0,0.5
1.0,5.75558005948551e-05,335416,32.0,0.5,1.0,1.0,0.0,32.0,0.5
1.0,-0.00010230780753772706,335416,32.0,0.5,1.0,1.0,0.0,32.0,0.5
1.0,-1.9388618966331705e-05,335417,32.0,0.5,1.0,1.0,0.0,32.0,0.5
1.0,6.612858851440251e-05,335417,32.0,0.5,1.0,1.0,0.0,32.0,0.5
1.0,-0.00018767535220831633,335418,32.0,0.5,1.0,1.0,0.0,32.0,0.5
1.0,-6.051892341929488e-05,335418,32.0,0.5,1.0,1.0,0.0,32.0,0.5
1.0,-4.057539990753867e-05,335419,32.0,0.5,1.0,1.0,0.0,32.0,0.5
1.0,3.949713573092595e-05,335419,32.0,0.5,1.0,1.0,0.0,32.0,0.5
1.0,5.892673652851954e-05,335420,32.0,0.5,1.0,1.0,0.0,32.0,0.5
1.0,-4.3698062654584646e-05,335420,32.0,0.5,1.0,1.0,0.0,32.0,0.5
1.0,-2.61572131421417e-05,335421,32.0,0.5,1.0,1.0,0.0,32.0,0.5
1.0,7.859354809625074e-06,335421,32.0,0.5,1.0,1.0,0.0,32.0,0.5
1.0,-5.356337351258844e-05,335422,32.0,0.5,1.0,1.0,0.0,32.0,0.5
1.0,4.1808816604316235e-06,335422,32.0,0.5,1.0,1.0,0.0,32.0,0.5
1.0,-5.460100510390475e-06,335423,32.0,0.5,1.0,1.0,0.0,32.0,0.5
1.0,-9.527814836474136e-05,335423,32.0,0.5,1.0,1.0,0.0,32.0,0.5
1.0,-2.8817936254199594e-05,335424,32.0,0.5,1.0,1.0,0.0,32.0,0.5
1.0,-4.451151471585035e-05,335424,32.0,0.5,1.0,1.0,0.0,32.0,0.5
1.0,-0.0001224433071911335,335425,32.0,0.5,1.0,1.0,0.0,32.0,0.5
1.0,-2.7657064492814243e-05,335425,32.0,0.5,1.0,1.0,0.0,32.0,0.5
1.0,8.125161548377946e-05,335426,32.0,0.5,1.0,1.0,0.0,32.0,0.5
1.0,-0.0001338049623882398,335426,32.0,0.5,1.0,1.0,0.0,32.0,0.5
1.0,2.6117746529052965e-05,335427,32.0,0.5,1.0,1.0,0.0,32.0,0.5
1.0,-8.626063208794221e-05,335427,32.0,0.5,1.0,1.0,0.0,32.0,0.5
1.0,3.3489923225715756e-05,335428,32.0,0.5,1.0,1.0,0.0,32.0,0.5
1.0,6.431748624891043e-05,335428,32.0,0.5,1.0,1.0,0.0,32.0,0.5
1.0,5.411291203927249e-05,335429,32.0,0.5,1.0,1.0,0.0,32.0,0.5
1.0,0.00013401356409303844,335429,32.0,0.5,1.0,1.0,0.0,32.0,0.5
1.0,0.00020057795336470008,335430,32.0,0.5,1.0,1.0,0.0,32.0,0.5
1.0,0.0002018232480622828,335430,32.0,0.5,1.0,1.0,0.0,32.0,0.5
1.0,-0.00019070209236815572,335431,32.0,0.5,1.0,1.0,0.0,32.0,0.5
1.0,-5.4935793741606176e-05,335431,32.0,0.5,1.0,1.0,0.0,32.0,0.5
1.0,-4.620991603587754e-06,335432,32.0,0.5,1.0,1.0,0.0,32.0,0.5
1.0,-0.00012694179895333946,335432,32.0,0.5,1.0,1.0,0.0,32.0,0.5
1.0,-4.139474185649306e-06,335433,32.0,0.5,1.0,1.0,0.0,32.0,0.5
1.0,-8.340780914295465e-05,335433,32.0,0.5,1.0,1.0,0.0,32.0,0.5
1.0,3.7310976040316746e-05,335434,32.0,0.5,1.0,1.0,0.0,32.0,0.5
1.0,7.040489435894415e-05,335434,32.0,0.5,1.0,1.0,0.0,32.0,0.5
1.0,8.17056861706078e-05,335435,32.0,0.5,1.0,1.0,0.0,32.0,0.5
1.0,5.68842442589812e-05,335435,32.0,0.5,1.0,1.0,0.0,32.0,0.5
1.0,-4.746970807900652e-05,335436,32.0,0.5,1.0,1.0,0.0,32.0,0.5
1.0,-0.00022209761664271355,335436,32.0,0.5,1.0,1.0,0.0,32.0,0.5
1.0,8.326482202392071e-05,335437,32.0,0.5,1.0,1.0,0.0,32.0,0.5
1.0,2.0737479644594714e-05,335437,32.0,0.5,1.0,1.0,0.0,32.0,0.5
1.0,-0.00011222575267311186,335438,32.0,0.5,1.0,1.0,0.0,32.0,0.5
1.0,0.00010774679685709998,335438,32.0,0.5,1.0,1.0,0.0,32.0,0.5
1.0,1.4162469597067684e-07,335439,32.0,0.5,1.0,1.0,0.0,32.0,0.5
1.0,-8.571233775001019e-05,335439,32.0,0.5,1.0,1.0,0.0,32.0,0.5
1.0,-3.064862539758906e-05,335440,32.0,0.5,1.0,1.0,0.0,32.0,0.5
1.0,-3.153207217110321e-05,335440,32.0,0.5,1.0,1.0,0.0,32.0,0.5
1.0,9.19352169148624e-06,335441,32.0,0.5,1.0,1.0,0.0,32.0,0.5
1.0,-8.68614879436791e-05,335441,32.0,0.5,1.0,1.0,0.0,32.0,0.5
1.0,-0.00020145675807725638,335442,32.0,0.5,1.0,1.0,0.0,32.0,0.5
1.0,9.575014701113105e-05,335442,32.0,0.5,1.0,1.0,0.0,32.0,0.5
1.0,-7.38606249797158e-05,335443,32.0,0.5,1.0,1.0,0.0,32.0,0.5
1.0,-0.00013843343185726553,335443,32.0,0.5,1.0,1.0,0.0,32.0,0.5
1.0,8.199138392228633e-06,335444,32.0,0.5,1.0,1.0,0.0,32.0,0.5
1.0,-0.00011019950761692598,335444,32.0,0.5,1.0,1.0,0.0,32.0,0.5
1.0,4.047017500852235e-05,335445,32.0,0.5,1.0,1.0,0.0,32.0,0.5
1.0,-0.00025450208340771496,335445,32.0,0.5,1.0,1.0,0.0,32.0,0.5
1.0,1.6378864529542625e-05,335446,32.0,0.5,1.0,1.0,0.0,32.0,0.5
1.0,-2.2415903004002757e-05,335446,32.0,0.5,1.0,1.0,0.0,32.0,0.5
1.0,-4.4409312977222726e-05,335447,32.0,0.5,1.0,1.0,0.0,32.0,0.5
1.0,3.3386400900781155e-05,335447,32.0,0.5,1.0,1.0,0.0,32.0,0.5
1.0,3.5726272471947595e-05,335448,32.0,0.5,1.0,1.0,0.0,32.0,0.5
1.0,0.0002240566973341629,335448,32.0,0.5,1.0,1.0,0.0,32.0,0.5
1.0,-1.4172710507409647e-05,335449,32.0,0.5,1.0,1.0,0.0,32.0,0.5
1.0,-4.838002496398985e-07,335449,32.0,0.5,1.0,1.0,0.0,32.0,0.5
1.0,3.0242896173149347e-05,335450,32.0,0.5,1.0,1.0,0.0,32.0,0.5
1.0,0.00017758783360477537,335450,32.0,0.5,1.0,1.0,0.0,32.0,0.5
1.0,0.00010032537102233618,335451,32.0,0.5,1.0,1.0,0.0,32.0,0.5
1.0,8.787069236859679e-05,335451,32.0,0.5,1.0,1.0,0.0,32.0,0.5
1.0,-9.960321767721325e-05,335452,32.0,0.5,1.0,1.0,0.0,32.0,0.5
1.0,4.587672810885124e-05,335452,32.0,0.5,1.0,1.0,0.0,32.0,0.5
1.0,0.00018891232321038842,335453,32.0,0.5,1.0,1.0,0.0,32.0,0.5
1.0,6.578531611012295e-05,335453,32.0,0.5,1.0,1.0,0.0,32.0,0.5
1.0,0.00012838664406444877,335454,32.0,0.5,1.0,1.0,0.0,32.0,0.5
1.0,-5.023102858103812e-07,335454,32.0,0.5,1.0,1.0,0.0,32.0,0.5
1.0,0.000132869477965869,335455,32.0,0.5,1.0,1.0,0.0,32.0,0.5
1.0,-0.00016088645497802645,335455,32.0,0.5,1.0,1.0,0.0,32.0,0.5
1.0,4.439162148628384e-05,335456,32.0,0.5,1.0,1.0,0.0,32.0,0.5
1.0,1.653489744057879e-05,335456,32.0,0.5,1.0,1.0,0.0,32.0,0.5
1.0,-0.00014455294876825064,335457,32.0,0.5,1.0,1.0,0.0,32.0,0.5
1.0,-0.00012310408055782318,335457,32.0,0.5,1.0,1.0,0.0,32.0,0.5
1.0,-9.789937757886946e-05,335458,32.0,0.5,1.0,1.0,0.0,32.0,0.5
1.0,2.4022585421334952e-05,335458,32.0,0.5,1.0,1.0,0.0,32.0,0.5
1.0,6.492309330496937e-05,335459,32.0,0.5,1.0,1.0,0.0,32.0,0.5
1.0,0.00015546372742392123,335459,32.0,0.5,1.0,1.0,0.0,32.0,0.5
1.0,-3.029696745215915e-05,335460,32.0,0.5,1.0,1.0,0.0,32.0,0.5
1.0,-0.00015110589447431266,335460,32.0,0.5,1.0,1.0,0.0,32.0,0.5
1.0,0.00015222327783703804,335461,32.0,0.5,1.0,1.0,0.0,32.0,0.5
1.0,-0.00018131037359125912,335461,32.0,0.5,1.0,1.0,0.0,32.0,0.5
1.0,-1.0125982953468338e-05,335462,32.0,0.5,1.0,1.0,0.0,32.0,0.5
1.0,-2.7519497962202877e-05,335462,32.0,0.5,1.0,1.0,0.0,32.0,0.5
1.0,0.0002696920419111848,335463,32.0,0.5,1.0,1.0,0.0,32.0,0.5
1.0,3.18287311529275e-05,335463,32.0,0.5,1.0,1.0,0.0,32.0,0.5
1.0,4.198720125714317e-05,335464,32.0,0.5,1.0,1.0,0.0,32.0,0.5
1.0,-6.44830142846331e-05,335464,32.0,0.5,1.0,1.0,0.0,32.0,0.5
1.0,-6.1837476096116e-05,335465,32.0,0.5,1.0,1.0,0.0,32.0,0.5
1.0,-5.6752640375634655e-05,335465,32.0,0.5,1.0,1.0,0.0,32.0,0.5
1.0,-0.00010523453238420188,335466,32.0,0.5,1.0,1.0,0.0,32.0,0.5
1.0,-6.126735388534144e-05,335466,32.0,0.5,1.0,1.0,0.0,32.0,0.5
1.0,-2.979245618917048e-05,335467,32.0,0.5,1.0,1.0,0.0,32.0,0.5
1.0,-5.114595842314884e-05,335467,32.0,0.5,1.0,1.0,0.0,32.0,0.5
1.0,2.9893641112721525e-05,335468,32.0,0.5,1.0,1.0,0.0,32.0,0.5
1.0,-0.0001414142025168985,335468,32.0,0.5,1.0,1.0,0.0,32.0,0.5
1.0,-9.553847485221922e-05,335469,32.0,0.5,1.0,1.0,0.0,32.0,0.5
1.0,-0.00014155698590911925,335469,32.0,0.5,1.0,1.0,0.0,32.0,0.5
1.0,-4.5398162910714746e-05,335470,32.0,0.5,1.0,1.0,0.0,32.0,0.5
1.0,-0.0002200054150307551,335470,32.0,0.5,1.0,1.0,0.0,32.0,0.5
1.0,3.119408938800916e-05,335471,32.0,0.5,1.0,1.0,0.0,32.0,0.5
1.0,6.925630441401154e-05,335471,32.0,0.5,1.0,1.0,0.0,32.0,0.5
1.0,7.923896191641688e-06,335472,32.0,0.5,1.0,1.0,0.0,32.0,0.5
1.0,-0.00010625389404594898,335472,32.0,0.5,1.0,1.0,0.0,32.0,0.5
1.0,6.315397331491113e-05,335473,32.0,0.5,1.0,1.0,0.0,32.0,0.5
1.0,6.884161848574877e-06,335473,32.0,0.5,1.0,1.0,0.0,32.0,0.5
1.0,9.400701674167067e-05,335474,32.0,0.5,1.0,1.0,0.0,32.0,0.5
1.0,2.029860479524359e-05,335474,32.0,0.5,1.0,1.0,0.0,32.0,0.5
1.0,8.780787175055593e-05,335475,32.0,0.5,1.0,1.0,0.0,32.0,0.5
1.0,9.347477316623554e-05,335475,32.0,0.5,1.0,1.0,0.0,32.0,0.5
1.0,-0.00010899403423536569,335476,32.0,0.5,1.0,1.0,0.0,32.0,0.5
1.0,-0.00024291964655276388,335476,32.0,0.5,1.0,1.0,0.0,32.0,0.5
1.0,5.530775524675846e-05,335477,32.0,0.5,1.0,1.0,0.0,32.0,0.5
1.0,-0.00017798025510273874,335477,32.0,0.5,1.0,1.0,0.0,32.0,0.5
1.0,4.091741720912978e-05,335478,32.0,0.5,1.0,1.0,0.0,32.0,0.5
1.0,0.00029204116435721517,335478,32.0,0.5,1.0,1.0,0.0,32.0,0.5
1.0,8.499264367856085e-06,335479,32.0,0.5,1.0,1.0,0.0,32.0,0.5
1.0,0.0001319005386903882,335479,32.0,0.5,1.0,1.0,0.0,32.0,0.5
1.0,-8.663756307214499e-05,335480,32.0,0.5,1.0,1.0,0.0,32.0,0.5
1.0,5.574868555413559e-05,335480,32.0,0.5,1.0,1.0,0.0,32.0,0.5
1.0,2.8423271942301653e-05,335481,32.0,0.5,1.0,1.0,0.0,32.0,0.5
1.0,2.5609075237298384e-05,335481,32.0,0.5,1.0,1.0,0.0,32.0,0.5
1.0,0.00012231709843035787,335482,32.0,0.5,1.0,1.0,0.0,32.0,0.5
1.0,6.302994734141976e-05,335482,32.0,0.5,1.0,1.0,0.0,32.0,0.5
1.0,-6.17085061094258e-06,335483,32.0,0.5,1.0,1.0,0.0,32.0,0.5
1.0,-7.424343493767083e-05,335483,32.0,0.5,1.0,1.0,0.0,32.0,0.5
1.0,0.00010322273010388017,335484,32.0,0.5,1.0,1.0,0.0,32.0,0.5
1.0,7.316625851672143e-05,335484,32.0,0.5,1.0,1.0,0.0,32.0,0.5
1.0,-8.885070565156639e-05,335485,32.0,0.5,1.0,1.0,0.0,32.0,0.5
1.0,-0.0001908766571432352,335485,32.0,0.5,1.0,1.0,0.0,32.0,0.5
1.0,1.4115967132966034e-06,335486,32.0,0.5,1.0,1.0,0.0,32.0,0.5
1.0,-0.00012679328210651875,335486,32.0,0.5,1.0,1.0,0.0,32.0,0.5
1.0,-3.210219074389897e-05,335487,32.0,0.5,1.0,1.0,0.0,32.0,0.5
1.0,-0.00011321180500090122,335487,32.0,0.5,1.0,1.0,0.0,32.0,0.5
1.0,-7.315412221942097e-05,335488,32.0,0.5,1.0,1.0,0.0,32.0,0.5
1.0,-4.621254265657626e-05,335488,32.0,0.5,1.0,1.0,0.0,32.0,0.5
1.0,0.00013525891699828207,335489,32.0,0.5,1.0,1.0,0.0,32.0,0.5
1.0,-4.174242712906562e-05,335489,32.0,0.5,1.0,1.0,0.0,32.0,0.5
1.0,-3.446211849222891e-06,335490,32.0,0.5,1.0,1.0,0.0,32.0,0.5
1.0,0.00010378491424489766,335490,32.0,0.5,1.0,1.0,0.0,32.0,0.5
1.0,0.00019755298853851855,335491,32.0,0.5,1.0,1.0,0.0,32.0,0.5
1.0,1.4561288480763324e-05,335491,32.0,0.5,1.0,1.0,0.0,32.0,0.5
1.0,3.054419721593149e-05,335492,32.0,0.5,1.0,1.0,0.0,32.0,0.5
1.0,3.345435470691882e-05,335492,32.0,0.5,1.0,1.0,0.0,32.0,0.5
1.0,6.633436714764684e-05,335493,32.0,0.5,1.0,1.0,0.0,32.0,0.5
1.0,0.00013548971037380397,335493,32.0,0.5,1.0,1.0,0.0,32.0,0.5
1.0,-7.294680108316243e-05,335494,32.0,0.5,1.0,1.0,0.0,32.0,0.5
1.0,-9.10636008484289e-05,335494,32.0,0.5,1.0,1.0,0.0,32.0,0.5
1.0,-2.7613918064162135e-05,335495,32.0,0.5,1.0,1.0,0.0,32.0,0.5
1.0,0.0001566341961733997,335495,32.0,0.5,1.0,1.0,0.0,32.0,0.5
1.0,1.3050484994892031e-05,335496,32.0,0.5,1.0,1.0,0.0,32.0,0.5
1.0,3.159188781864941e-05,335496,32.0,0.5,1.0,1.0,0.0,32.0,0.5
1.0,3.058121001231484e-05,335497,32.0,0.5,1.0,1.0,0.0,32.0,0.5
1.0,-3.9085018215700984e-05,335497,32.0,0.5,1.0,1.0,0.0,32.0,0.5
1.0,-4.516747867455706e-05,335498,32.0,0.5,1.0,1.0,0.0,32.0,0.5
1.0,-5.197848804527894e-05,335498,32.0,0.5,1.0,1.0,0.0,32.0,0.5
1.0,-2.2552516384166665e-05,335499,32.0,0.5,1.0,1.0,0.0,32.0,0.5
1.0,-8.323394285980612e-05,335499,32.0,0.5,1.0,1.0,0.0,32.0,0.5
1.0,-1.0997402569046244e-05,335500,32.0,0.5,1.0,1.0,0.0,32.0,0.5
1.0,3.285479033365846e-05,335500,32.0,0.5,1.0,1.0,0.0,32.0,0.5
1.0,7.972594175953418e-05,335501,32.0,0.5,1.0,1.0,0.0,32.0,0.5
1.0,-1.0386271242168732e-05,335501,32.0,0.5,1.0,1.0,0.0,32.0,0.5
1.0,8.249247184721753e-05,335502,32.0,0.5,1.0,1.0,0.0,32.0,0.5
1.0,0.00013109977589920163,335502,32.0,0.5,1.0,1.0,0.0,32.0,0.5
1.0,0.00011010460730176419,335503,32.0,0.5,1.0,1.0,0.0,32.0,0.5
1.0,-3.2190040656132624e-05,335503,32.0,0.5,1.0,1.0,0.0,32.0,0.5
1.0,3.165622183587402e-05,335504,32.0,0.5,1.0,1.0,0.0,32.0,0.5
1.0,-4.1937957576010376e-05,335504,32.0,0.5,1.0,1.0,0.0,32.0,0.5
1.0,0.00012450267968233675,335505,32.0,0.5,1.0,1.0,0.0,32.0,0.5
1.0,-1.134558260673657e-05,335505,32.0,0.5,1.0,1.0,0.0,32.0,0.5
1.0,-2.374094765400514e-05,335506,32.0,0.5,1.0,1.0,0.0,32.0,0.5
1.0,9.375979061587714e-06,335506,32.0,0.5,1.0,1.0,0.0,32.0,0.5
1.0,0.0002122897276422009,335507,32.0,0.5,1.0,1.0,0.0,32.0,0.5
1.0,9.394359221914783e-05,335507,32.0,0.5,1.0,1.0,0.0,32.0,0.5
1.0,-6.0435366322053596e-05,335508,32.0,0.5,1.0,1.0,0.0,32.0,0.5
1.0,-2.2912805434316397e-05,335508,32.0,0.5,1.0,1.0,0.0,32.0,0.5
1.0,-3.213117815903388e-05,335509,32.0,0.5,1.0,1.0,0.0,32.0,0.5
1.0,0.0001088708231691271,335509,32.0,0.5,1.0,1.0,0.0,32.0,0.5
1.0,3.261675010435283e-05,335510,32.0,0.5,1.0,1.0,0.0,32.0,0.5
1.0,-0.00018524128245189786,335510,32.0,0.5,1.0,1.0,0.0,32.0,0.5
1.0,3.797408862737939e-05,335511,32.0,0.5,1.0,1.0,0.0,32.0,0.5
1.0,0.00024712266167625785,335511,32.0,0.5,1.0,1.0,0.0,32.0,0.5
1.0,-0.00011029337474610656,335512,32.0,0.5,1.0,1.0,0.0,32.0,0.5
1.0,-4.1335148125654086e-05,335512,32.0,0.5,1.0,1.0,0.0,32.0,0.5
1.0,-0.0001731270458549261,335513,32.0,0.5,1.0,1.0,0.0,32.0,0.5
1.0,-4.723752135760151e-05,335513,32.0,0.5,1.0,1.0,0.0,32.0,0.5
1.0,0.00011696212459355593,335514,32.0,0.5,1.0,1.0,0.0,32.0,0.5
1.0,8.155516297847498e-06,335514,32.0,0.5,1.0,1.0,0.0,32.0,0.5
1.0,6.134864815976471e-05,335515,32.0,0.5,1.0,1.0,0.0,32.0,0.5
1.0,0.0001348734658677131,335515,32.0,0.5,1.0,1.0,0.0,32.0,0.5
1.0,-8.312300633406267e-05,335516,32.0,0.5,1.0,1.0,0.0,32.0,0.5
1.0,-4.8401663661934435e-05,335516,32.0,0.5,1.0,1.0,0.0,32.0,0.5
1.0,5.9487687394721434e-05,335517,32.0,0.5,1.0,1.0,0.0,32.0,0.5
1.0,-0.00017443974502384663,335517,32.0,0.5,1.0,1.0,0.0,32.0,0.5
1.0,-3.481331077637151e-05,335518,32.0,0.5,1.0,1.0,0.0,32.0,0.5
1.0,-0.00011324274237267673,335518,32.0,0.5,1.0,1.0,0.0,32.0,0.5
1.0,-4.1497827623970807e-05,335519,32.0,0.5,1.0,1.0,0.0,32.0,0.5
1.0,1.152569348050747e-05,335519,32.0,0.5,1.0,1.0,0.0,32.0,0.5
1.0,9.507566574029624e-05,335520,32.0,0.5,1.0,1.0,0.0,32.0,0.5
1.0,1.0585004929453135e-05,335520,32.0,0.5,1.0,1.0,0.0,32.0,0.5
1.0,-4.9877140554599464e-05,335521,32.0,0.5,1.0,1.0,0.0,32.0,0.5
1.0,-0.00013722344010602683,335521,32.0,0.5,1.0,1.0,0.0,32.0,0.5
1.0,0.00028542178915813565,335522,32.0,0.5,1.0,1.0,0.0,32.0,0.5
1.0,0.00017783236398827285,335522,32.0,0.5,1.0,1.0,0.0,32.0,0.5
1.0,-8.329025149578229e-05,335523,32.0,0.5,1.0,1.0,0.0,32.0,0.5
1.0,-5.680624599335715e-05,335523,32.0,0.5,1.0,1.0,0.0,32.0,0.5
1.0,4.9437898269388825e-05,335524,32.0,0.5,1.0,1.0,0.0,32.0,0.5
1.0,0.00010318885324522853,335524,32.0,0.5,1.0,1.0,0.0,32.0,0.5
1.0,8.893402991816401e-07,335525,32.0,0.5,1.0,1.0,0.0,32.0,0.5
1.0,-3.3843352866824716e-05,335525,32.0,0.5,1.0,1.0,0.0,32.0,0.5
1.0,-6.413454684661701e-05,335526,32.0,0.5,1.0,1.0,0.0,32.0,0.5
1.0,0.00035493241739459336,335526,32.0,0.5,1.0,1.0,0.0,32.0,0.5
1.0,-1.2536875146906823e-05,335527,32.0,0.5,1.0,1.0,0.0,32.0,0.5
1.0,-4.7935314796632156e-05,335527,32.0,0.5,1.0,1.0,0.0,32.0,0.5
1.0,7.553683099104092e-05,335528,32.0,0.5,1.0,1.0,0.0,32.0,0.5
1.0,-3.4558070183265954e-05,335528,32.0,0.5,1.0,1.0,0.0,32.0,0.5
1.0,-0.0001363495975965634,335529,32.0,0.5,1.0,1.0,0.0,32.0,0.5
1.0,0.00011694891873048618,335529,32.0,0.5,1.0,1.0,0.0,32.0,0.5
1.0,2.3027687348076142e-05,335530,32.0,0.5,1.0,1.0,0.0,32.0,0.5
1.0,-1.2057666026521474e-05,335530,32.0,0.5,1.0,1.0,0.0,32.0,0.5
1.0,-0.00010877109889406711,335531,32.0,0.5,1.0,1.0,0.0,32.0,0.5
1.0,-0.00014354000450111926,335531,32.0,0.5,1.0,1.0,0.0,32.0,0.5
1.0,-7.860708865337074e-05,335532,32.0,0.5,1.0,1.0,0.0,32.0,0.5
1.0,-3.513713090796955e-05,335532,32.0,0.5,1.0,1.0,0.0,32.0,0.5
1.0,-0.00010993739851983264,335533,32.0,0.5,1.0,1.0,0.0,32.0,0.5
1.0,6.052279059076682e-05,335533,32.0,0.5,1.0,1.0,0.0,32.0,0.5
1.0,3.213978197891265e-05,335534,32.0,0.5,1.0,1.0,0.0,32.0,0.5
1.0,4.383794657769613e-05,335534,32.0,0.5,1.0,1.0,0.0,32.0,0.5
1.0,2.020481406361796e-05,335535,32.0,0.5,1.0,1.0,0.0,32.0,0.5
1.0,-0.00023200054420158267,335535,32.0,0.5,1.0,1.0,0.0,32.0,0.5
1.0,-0.000166809928487055,335536,32.0,0.5,1.0,1.0,0.0,32.0,0.5
1.0,-3.2623183869873174e-06,335536,32.0,0.5,1.0,1.0,0.0,32.0,0.5
1.0,-5.406578929978423e-05,335537,32.0,0.5,1.0,1.0,0.0,32.0,0.5
1.0,-6.097501318436116e-05,335537,32.0,0.5,1.0,1.0,0.0,32.0,0.5
1.0,-0.000270391145022586,335538,32.0,0.5,1.0,1.0,0.0,32.0,0.5
1.0,-0.00024354553897865117,335538,32.0,0.5,1.0,1.0,0.0,32.0,0.5
1.0,-0.00015690785949118435,335539,32.0,0.5,1.0,1.0,0.0,32.0,0.5
1.0,7.681701390538365e-07,335539,32.0,0.5,1.0,1.0,0.0,32.0,0.5
1.0,0.00012656589387916028,335540,32.0,0.5,1.0,1.0,0.0,32.0,0.5
1.0,3.801231650868431e-05,335540,32.0,0.5,1.0,1.0,0.0,32.0,0.5
1.0,-9.986184886656702e-05,335541,32.0,0.5,1.0,1.0,0.0,32.0,0.5
1.0,-0.00013696338282898068,335541,32.0,0.5,1.0,1.0,0.0,32.0,0.5
1.0,5.1246337534394115e-05,335542,32.0,0.5,1.0,1.0,0.0,32.0,0.5
1.0,-0.00012200635683257133,335542,32.0,0.5,1.0,1.0,0.0,32.0,0.5
1.0,4.546424315776676e-05,335543,32.0,0.5,1.0,1.0,0.0,32.0,0.5
1.0,1.0847244993783534e-05,335543,32.0,0.5,1.0,1.0,0.0,32.0,0.5
1.0,-0.0001032486034091562,335544,32.0,0.5,1.0,1.0,0.0,32.0,0.5
1.0,3.728194860741496e-05,335544,32.0,0.5,1.0,1.0,0.0,32.0,0.5
1.0,5.11794351041317e-05,335545,32.0,0.5,1.0,1.0,0.0,32.0,0.5
1.0,0.00024511790252290666,335545,32.0,0.5,1.0,1.0,0.0,32.0,0.5
1.0,-8.659089871798642e-06,335546,32.0,0.5,1.0,1.0,0.0,32.0,0.5
1.0,-3.4933338611153886e-05,335546,32.0,0.5,1.0,1.0,0.0,32.0,0.5
1.0,5.8204499509884045e-05,335547,32.0,0.5,1.0,1.0,0.0,32.0,0.5
1.0,-9.759166277945042e-05,335547,32.0,0.5,1.0,1.0,0.0,32.0,0.5
1.0,-5.074263026472181e-05,335548,32.0,0.5,1.0,1.0,0.0,32.0,0.5
1.0,4.062101288582198e-05,335548,32.0,0.5,1.0,1.0,0.0,32.0,0.5
1.0,-2.9618488042615354e-05,335549,32.0,0.5,1.0,1.0,0.0,32.0,0.5
1.0,5.584976315731183e-05,335549,32.0,0.5,1.0,1.0,0.0,32.0,0.5
1.0,0.00020126145682297647,335550,32.0,0.5,1.0,1.0,0.0,32.0,0.5
1.0,2.3687387511017732e-05,335550,32.0,0.5,1.0,1.0,0.0,32.0,0.5
1.0,6.11231371294707e-05,335551,32.0,0.5,1.0,1.0,0.0,32.0,0.5
1.0,2.7348251023795456e-05,335551,32.0,0.5,1.0,1.0,0.0,32.0,0.5
1.0,5.017675721319392e-05,335552,32.0,0.5,1.0,1.0,0.0,32.0,0.5
1.0,6.588698306586593e-05,335552,32.0,0.5,1.0,1.0,0.0,32.0,0.5
1.0,-2.264877548441291e-05,335553,32.0,0.5,1.0,1.0,0.0,32.0,0.5
1.0,-4.119196819374338e-05,335553,32.0,0.5,1.0,1.0,0.0,32.0,0.5
1.0,8.539071131963283e-05,335554,32.0,0.5,1.0,1.0,0.0,32.0,0.5
1.0,6.5343760070391e-05,335554,32.0,0.5,1.0,1.0,0.0,32.0,0.5
1.0,0.00014650473895017058,335555,32.0,0.5,1.0,1.0,0.0,32.0,0.5
1.0,-1.453580625820905e-05,335555,32.0,0.5,1.0,1.0,0.0,32.0,0.5
1.0,3.912837928510271e-05,335556,32.0,0.5,1.0,1.0,0.0,32.0,0.5
1.0,2.6881487428909168e-05,335556,32.0,0.5,1.0,1.0,0.0,32.0,0.5
1.0,4.666784661822021e-05,335557,32.0,0.5,1.0,1.0,0.0,32.0,0.5
1.0,7.676126551814377e-05,335557,32.0,0.5,1.0,1.0,0.0,32.0,0.5
1.0,-3.267673309892416e-05,335558,32.0,0.5,1.0,1.0,0.0,32.0,0.5
1.0,-3.342030322528444e-05,335558,32.0,0.5,1.0,1.0,0.0,32.0,0.5
1.0,0.0001247214386239648,335559,32.0,0.5,1.0,1.0,0.0,32.0,0.5
1.0,-2.714498623390682e-05,335559,32.0,0.5,1.0,1.0,0.0,32.0,0.5
1.0,-1.477780460845679e-05,335560,32.0,0.5,1.0,1.0,0.0,32.0,0.5
1.0,-3.105738142039627e-05,335560,32.0,0.5,1.0,1.0,0.0,32.0,0.5
1.0,-0.00018780380196403712,335561,32.0,0.5,1.0,1.0,0.0,32.0,0.5
1.0,1.730098301777616e-05,335561,32.0,0.5,1.0,1.0,0.0,32.0,0.5
1.0,9.529419912723824e-06,335562,32.0,0.5,1.0,1.0,0.0,32.0,0.5
1.0,-1.561738463351503e-05,335562,32.0,0.5,1.0,1.0,0.0,32.0,0.5
1.0,-0.00014919867680873722,335563,32.0,0.5,1.0,1.0,0.0,32.0,0.5
1.0,-6.847918120911345e-05,335563,32.0,0.5,1.0,1.0,0.0,32.0,0.5
1.0,-7.581667159684002e-05,335564,32.0,0.5,1.0,1.0,0.0,32.0,0.5
1.0,4.4817283196607605e-05,335564,32.0,0.5,1.0,1.0,0.0,32.0,0.5
1.0,-0.00011061315308324993,335565,32.0,0.5,1.0,1.0,0.0,32.0,0.5
1.0,-4.1055420297198e-05,335565,32.0,0.5,1.0,1.0,0.0,32.0,0.5
1.0,-5.210930612520315e-05,335566,32.0,0.5,1.0,1.0,0.0,32.0,0.5
1.0,-9.863490413408726e-05,335566,32.0,0.5,1.0,1.0,0.0,32.0,0.5
1.0,-0.00011758428445318714,335567,32.0,0.5,1.0,1.0,0.0,32.0,0.5
1.0,0.0001569986779941246,335567,32.0,0.5,1.0,1.0,0.0,32.0,0.5
1.0,-1.420691842213273e-05,335568,32.0,0.5,1.0,1.0,0.0,32.0,0.5
1.0,-3.6702400393551216e-05,335568,32.0,0.5,1.0,1.0,0.0,32.0,0.5
1.0,3.322284828755073e-05,335569,32.0,0.5,1.0,1.0,0.0,32.0,0.5
1.0,-3.9032791391946375e-05,335569,32.0,0.5,1.0,1.0,0.0,32.0,0.5
1.0,4.838679888052866e-05,335570,32.0,0.5,1.0,1.0,0.0,32.0,0.5
1.0,0.00019075136515311897,335570,32.0,0.5,1.0,1.0,0.0,32.0,0.5
1.0,-2.0846207917202264e-05,335571,32.0,0.5,1.0,1.0,0.0,32.0,0.5
1.0,0.000176377609022893,335571,32.0,0.5,1.0,1.0,0.0,32.0,0.5
1.0,-5.4765983804827556e-05,335572,32.0,0.5,1.0,1.0,0.0,32.0,0.5
1.0,-6.570228288182989e-05,335572,32.0,0.5,1.0,1.0,0.0,32.0,0.5
1.0,6.265708361752331e-05,335573,32.0,0.5,1.0,1.0,0.0,32.0,0.5
1.0,5.863794285687618e-05,335573,32.0,0.5,1.0,1.0,0.0,32.0,0.5
1.0,4.6279747039079666e-05,335574,32.0,0.5,1.0,1.0,0.0,32.0,0.5
1.0,-3.931369792553596e-05,335574,32.0,0.5,1.0,1.0,0.0,32.0,0.5
1.0,0.00026901974342763424,335575,32.0,0.5,1.0,1.0,0.0,32.0,0.5
1.0,-2.5383698812220246e-05,335575,32.0,0.5,1.0,1.0,0.0,32.0,0.5
1.0,6.540881440741941e-05,335576,32.0,0.5,1.0,1.0,0.0,32.0,0.5
1.0,-8.636114216642454e-06,335576,32.0,0.5,1.0,1.0,0.0,32.0,0.5
1.0,-3.5604334698291495e-05,335577,32.0,0.5,1.0,1.0,0.0,32.0,0.5
1.0,-4.1443028749199584e-05,335577,32.0,0.5,1.0,1.0,0.0,32.0,0.5
1.0,-6.867462070658803e-05,335578,32.0,0.5,1.0,1.0,0.0,32.0,0.5
1.0,2.942281571449712e-05,335578,32.0,0.5,1.0,1.0,0.0,32.0,0.5
1.0,-0.00013091973960399628,335579,32.0,0.5,1.0,1.0,0.0,32.0,0.5
1.0,3.12890115310438e-05,335579,32.0,0.5,1.0,1.0,0.0,32.0,0.5
1.0,-0.00011534490477060899,335580,32.0,0.5,1.0,1.0,0.0,32.0,0.5
1.0,-0.00018115065176971257,335580,32.0,0.5,1.0,1.0,0.0,32.0,0.5
1.0,-1.0285340977134183e-05,335581,32.0,0.5,1.0,1.0,0.0,32.0,0.5
1.0,2.279428008478135e-05,335581,32.0,0.5,1.0,1.0,0.0,32.0,0.5
1.0,-0.0004191577900201082,335582,32.0,0.5,1.0,1.0,0.0,32.0,0.5
1.0,-3.3560136216692626e-06,335582,32.0,0.5,1.0,1.0,0.0,32.0,0.5
1.0,-9.61812402238138e-05,335583,32.0,0.5,1.0,1.0,0.0,32.0,0.5
1.0,-4.429688851814717e-05,335583,32.0,0.5,1.0,1.0,0.0,32.0,0.5
1.0,5.620711817755364e-05,335584,32.0,0.5,1.0,1.0,0.0,32.0,0.5
1.0,7.36725123715587e-05,335584,32.0,0.5,1.0,1.0,0.0,32.0,0.5
1.0,0.00012186396634206176,335585,32.0,0.5,1.0,1.0,0.0,32.0,0.5
1.0,2.7254725864622742e-05,335585,32.0,0.5,1.0,1.0,0.0,32.0,0.5
1.0,-2.889488314394839e-05,335586,32.0,0.5,1.0,1.0,0.0,32.0,0.5
1.0,-2.4084401957225055e-05,335586,32.0,0.5,1.0,1.0,0.0,32.0,0.5
1.0,6.920743908267468e-05,335587,32.0,0.5,1.0,1.0,0.0,32.0,0.5
1.0,-3.455114347161725e-05,335587,32.0,0.5,1.0,1.0,0.0,32.0,0.5
1.0,-0.00020597150432877243,335588,32.0,0.5,1.0,1.0,0.0,32.0,0.5
1.0,-0.0002877076040022075,335588,32.0,0.5,1.0,1.0,0.0,32.0,0.5
1.0,-5.2645507821580395e-05,335589,32.0,0.5,1.0,1.0,0.0,32.0,0.5
1.0,-8.656780846649781e-05,335589,32.0,0.5,1.0,1.0,0.0,32.0,0.5
1.0,-8.091387280728668e-05,335590,32.0,0.5,1.0,1.0,0.0,32.0,0.5
1.0,-4.707952757598832e-05,335590,32.0,0.5,1.0,1.0,0.0,32.0,0.5
1.0,0.00013702930300496519,335591,32.0,0.5,1.0,1.0,0.0,32.0,0.5
1.0,7.0559908635914326e-06,335591,32.0,0.5,1.0,1.0,0.0,32.0,0.5
1.0,-0.0001418599276803434,335592,32.0,0.5,1.0,1.0,0.0,32.0,0.5
1.0,-9.294124902226031e-05,335592,32.0,0.5,1.0,1.0,0.0,32.0,0.5
1.0,-7.043947698548436e-05,335593,32.0,0.5,1.0,1.0,0.0,32.0,0.5
1.0,-9.153828432317823e-05,335593,32.0,0.5,1.0,1.0,0.0,32.0,0.5
1.0,-8.764358062762767e-05,335594,32.0,0.5,1.0,1.0,0.0,32.0,0.5
1.0,-1.6476638847962022e-05,335594,32.0,0.5,1.0,1.0,0.0,32.0,0.5
1.0,0.00026482652174308896,335595,32.0,0.5,1.0,1.0,0.0,32.0,0.5
1.0,4.070949216838926e-05,335595,32.0,0.5,1.0,1.0,0.0,32.0,0.5
1.0,-1.1113108485005796e-05,335596,32.0,0.5,1.0,1.0,0.0,32.0,0.5
1.0,-0.00010538554488448426,335596,32.0,0.5,1.0,1.0,0.0,32.0,0.5
1.0,-0.00019591525779105723,335597,32.0,0.5,1.0,1.0,0.0,32.0,0.5
1.0,0.00015468359924852848,335597,32.0,0.5,1.0,1.0,0.0,32.0,0.5
1.0,-2.8689755708910525e-06,335598,32.0,0.5,1.0,1.0,0.0,32.0,0.5
1.0,-0.00026141360285691917,335598,32.0,0.5,1.0,1.0,0.0,32.0,0.5
1.0,-3.684728289954364e-05,335599,32.0,0.5,1.0,1.0,0.0,32.0,0.5
1.0,-4.602046465151943e-05,335599,32.0,0.5,1.0,1.0,0.0,32.0,0.5
1.0,9.454236715100706e-05,335600,32.0,0.5,1.0,1.0,0.0,32.0,0.5
1.0,-8.960725972428918e-05,335600,32.0,0.5,1.0,1.0,0.0,32.0,0.5
1.0,-7.381272007478401e-05,335601,32.0,0.5,1.0,1.0,0.0,32.0,0.5
1.0,8.784207602730021e-05,335601,32.0,0.5,1.0,1.0,0.0,32.0,0.5
1.0,5.1165377954021096e-05,335602,32.0,0.5,1.0,1.0,0.0,32.0,0.5
1.0,8.891185279935598e-05,335602,32.0,0.5,1.0,1.0,0.0,32.0,0.5
1.0,-0.00017542799469083548,335603,32.0,0.5,1.0,1.0,0.0,32.0,0.5
1.0,-2.3941807739902288e-05,335603,32.0,0.5,1.0,1.0,0.0,32.0,0.5
1.0,-5.2775663789361715e-05,335604,32.0,0.5,1.0,1.0,0.0,32.0,0.5
1.0,0.00012103855260647833,335604,32.0,0.5,1.0,1.0,0.0,32.0,0.5
1.0,-4.098425415577367e-05,335605,32.0,0.5,1.0,1.0,0.0,32.0,0.5
1.0,4.5782653614878654e-06,335605,32.0,0.5,1.0,1.0,0.0,32.0,0.5
1.0,-3.332882624818012e-05,335606,32.0,0.5,1.0,1.0,0.0,32.0,0.5
1.0,-2.812497768900357e-06,335606,32.0,0.5,1.0,1.0,0.0,32.0,0.5
1.0,-5.0047950935550034e-05,335607,32.0,0.5,1.0,1.0,0.0,32.0,0.5
1.0,0.00011946195445489138,335607,32.0,0.5,1.0,1.0,0.0,32.0,0.5
1.0,-0.00021537760039791465,335608,32.0,0.5,1.0,1.0,0.0,32.0,0.5
1.0,-9.613875590730458e-06,335608,32.0,0.5,1.0,1.0,0.0,32.0,0.5
1.0,5.43987553101033e-05,335609,32.0,0.5,1.0,1.0,0.0,32.0,0.5
1.0,9.014369425131008e-06,335609,32.0,0.5,1.0,1.0,0.0,32.0,0.5
1.0,0.00013620762911159545,335610,32.0,0.5,1.0,1.0,0.0,32.0,0.5
1.0,0.00010019179171649739,335610,32.0,0.5,1.0,1.0,0.0,32.0,0.5
1.0,7.307638588827103e-05,335611,32.0,0.5,1.0,1.0,0.0,32.0,0.5
1.0,-0.000191696104593575,335611,32.0,0.5,1.0,1.0,0.0,32.0,0.5
1.0,2.1483927412191406e-05,335612,32.0,0.5,1.0,1.0,0.0,32.0,0.5
1.0,-0.00012245328980498016,335612,32.0,0.5,1.0,1.0,0.0,32.0,0.5
1.0,0.00017867921269498765,335613,32.0,0.5,1.0,1.0,0.0,32.0,0.5
1.0,0.00015219183114822954,335613,32.0,0.5,1.0,1.0,0.0,32.0,0.5
1.0,0.00012402284482959658,335614,32.0,0.5,1.0,1.0,0.0,32.0,0.5
1.0,0.00010198088421020657,335614,32.0,0.5,1.0,1.0,0.0,32.0,0.5
1.0,5.911726475460455e-06,335615,32.0,0.5,1.0,1.0,0.0,32.0,0.5
1.0,7.362358155660331e-05,335615,32.0,0.5,1.0,1.0,0.0,32.0,0.5
1.0,-1.743604661896825e-05,335616,32.0,0.5,1.0,1.0,0.0,32.0,0.5
1.0,1.9936524040531367e-05,335616,32.0,0.5,1.0,1.0,0.0,32.0,0.5
1.0,1.1428709512983914e-05,335617,32.0,0.5,1.0,1.0,0.0,32.0,0.5
1.0,5.52259007235989e-05,335617,32.0,0.5,1.0,1.0,0.0,32.0,0.5
1.0,0.00011804819223470986,335618,32.0,0.5,1.0,1.0,0.0,32.0,0.5
1.0,0.00011052805348299444,335618,32.0,0.5,1.0,1.0,0.0,32.0,0.5
1.0,-6.295228376984596e-05,335619,32.0,0.5,1.0,1.0,0.0,32.0,0.5
1.0,0.00016150748706422746,335619,32.0,0.5,1.0,1.0,0.0,32.0,0.5
1.0,4.4678195990854874e-05,335620,32.0,0.5,1.0,1.0,0.0,32.0,0.5
1.0,-6.110316462581977e-05,335620,32.0,0.5,1.0,1.0,0.0,32.0,0.5
1.0,-1.449583942303434e-05,335621,32.0,0.5,1.0,1.0,0.0,32.0,0.5
1.0,-0.00016617831715848297,335621,32.0,0.5,1.0,1.0,0.0,32.0,0.5
1.0,1.8589067622087896e-05,335622,32.0,0.5,1.0,1.0,0.0,32.0,0.5
1.0,-3.49577130691614e-05,335622,32.0,0.5,1.0,1.0,0.0,32.0,0.5
1.0,-0.00010150262824026868,335623,32.0,0.5,1.0,1.0,0.0,32.0,0.5
1.0,7.615024514961988e-05,335623,32.0,0.5,1.0,1.0,0.0,32.0,0.5
1.0,0.00010207628656644374,335624,32.0,0.5,1.0,1.0,0.0,32.0,0.5
1.0,-5.763883382314816e-05,335624,32.0,0.5,1.0,1.0,0.0,32.0,0.5
1.0,2.0582057913998142e-05,335625,32.0,0.5,1.0,1.0,0.0,32.0,0.5
1.0,-9.235731704393402e-05,335625,32.0,0.5,1.0,1.0,0.0,32.0,0.5
1.0,-0.00014518186799250543,335626,32.0,0.5,1.0,1.0,0.0,32.0,0.5
1.0,-4.385426655062474e-05,335626,32.0,0.5,1.0,1.0,0.0,32.0,0.5
1.0,8.248796802945435e-06,335627,32.0,0.5,1.0,1.0,0.0,32.0,0.5
1.0,6.713335460517555e-05,335627,32.0,0.5,1.0,1.0,0.0,32.0,0.5
1.0,2.5777242626645602e-05,335628,32.0,0.5,1.0,1.0,0.0,32.0,0.5
1.0,8.398167847190052e-05,335628,32.0,0.5,1.0,1.0,0.0,32.0,0.5
1.0,0.0003044766781385988,335629,32.0,0.5,1.0,1.0,0.0,32.0,0.5
1.0,0.00015753289335407317,335629,32.0,0.5,1.0,1.0,0.0,32.0,0.5
1.0,1.3470409612637013e-05,335630,32.0,0.5,1.0,1.0,0.0,32.0,0.5
1.0,-0.00010154595656786114,335630,32.0,0.5,1.0,1.0,0.0,32.0,0.5
1.0,0.00016583901015110314,335631,32.0,0.5,1.0,1.0,0.0,32.0,0.5
1.0,-7.288545020855963e-05,335631,32.0,0.5,1.0,1.0,0.0,32.0,0.5
1.0,-1.3424678400042467e-05,335632,32.0,0.5,1.0,1.0,0.0,32.0,0.5
1.0,6.50950605631806e-05,335632,32.0,0.5,1.0,1.0,0.0,32.0,0.5
1.0,1.193024763779249e-05,335633,32.0,0.5,1.0,1.0,0.0,32.0,0.5
1.0,-4.732543311547488e-05,335633,32.0,0.5,1.0,1.0,0.0,32.0,0.5
1.0,0.00014257458678912371,335634,32.0,0.5,1.0,1.0,0.0,32.0,0.5
1.0,-0.00012174510629847646,335634,32.0,0.5,1.0,1.0,0.0,32.0,0.5
1.0,5.427782525657676e-05,335635,32.0,0.5,1.0,1.0,0.0,32.0,0.5
1.0,8.677296136738732e-06,335635,32.0,0.5,1.0,1.0,0.0,32.0,0.5
1.0,2.8656468202825636e-06,335636,32.0,0.5,1.0,1.0,0.0,32.0,0.5
1.0,-0.00016013867571018636,335636,32.0,0.5,1.0,1.0,0.0,32.0,0.5
1.0,-0.00012798522948287427,335637,32.0,0.5,1.0,1.0,0.0,32.0,0.5
1.0,-8.277218148577958e-05,335637,32.0,0.5,1.0,1.0,0.0,32.0,0.5
1.0,-2.105522798956372e-05,335638,32.0,0.5,1.0,1.0,0.0,32.0,0.5
1.0,0.00012016005348414183,335638,32.0,0.5,1.0,1.0,0.0,32.0,0.5
1.0,-0.00016251910710707307,335639,32.0,0.5,1.0,1.0,0.0,32.0,0.5
1.0,-6.195995229063556e-05,335639,32.0,0.5,1.0,1.0,0.0,32.0,0.5
1.0,5.612785025732592e-05,335640,32.0,0.5,1.0,1.0,0.0,32.0,0.5
1.0,-3.9994221879169345e-05,335640,32.0,0.5,1.0,1.0,0.0,32.0,0.5
1.0,-7.009156979620457e-05,335641,32.0,0.5,1.0,1.0,0.0,32.0,0.5
1.0,2.1091613234602846e-05,335641,32.0,0.5,1.0,1.0,0.0,32.0,0.5
1.0,-3.347914753248915e-05,335642,32.0,0.5,1.0,1.0,0.0,32.0,0.5
1.0,3.630798164522275e-05,335642,32.0,0.5,1.0,1.0,0.0,32.0,0.5
1.0,-0.00022354410612024367,335643,32.0,0.5,1.0,1.0,0.0,32.0,0.5
1.0,-0.00011254056880716234,335643,32.0,0.5,1.0,1.0,0.0,32.0,0.5
1.0,-0.00012530857929959893,335644,32.0,0.5,1.0,1.0,0.0,32.0,0.5
1.0,-8.394468750339001e-05,335644,32.0,0.5,1.0,1.0,0.0,32.0,0.5
1.0,-6.080570528865792e-06,335645,32.0,0.5,1.0,1.0,0.0,32.0,0.5
1.0,-6.139300239738077e-06,335645,32.0,0.5,1.0,1.0,0.0,32.0,0.5
1.0,-0.0002052123163593933,335646,32.0,0.5,1.0,1.0,0.0,32.0,0.5
1.0,-0.00016497427714057267,335646,32.0,0.5,1.0,1.0,0.0,32.0,0.5
1.0,9.293915354646742e-05,335647,32.0,0.5,1.0,1.0,0.0,32.0,0.5
1.0,2.266739829792641e-05,335647,32.0,0.5,1.0,1.0,0.0,32.0,0.5
1.0,0.00020977927488274872,335648,32.0,0.5,1.0,1.0,0.0,32.0,0.5
1.0,-2.2380765585694462e-05,335648,32.0,0.5,1.0,1.0,0.0,32.0,0.5
1.0,2.021102591243107e-05,335649,32.0,0.5,1.0,1.0,0.0,32.0,0.5
1.0,-5.975740350550041e-06,335649,32.0,0.5,1.0,1.0,0.0,32.0,0.5
1.0,-7.842961349524558e-05,335650,32.0,0.5,1.0,1.0,0.0,32.0,0.5
1.0,-0.0001791856630006805,335650,32.0,0.5,1.0,1.0,0.0,32.0,0.5
1.0,5.5799715482862666e-05,335651,32.0,0.5,1.0,1.0,0.0,32.0,0.5
1.0,-6.200728967087343e-05,335651,32.0,0.5,1.0,1.0,0.0,32.0,0.5
1.0,7.20200187060982e-05,335652,32.0,0.5,1.0,1.0,0.0,32.0,0.5
1.0,-4.4719650759361684e-05,335652,32.0,0.5,1.0,1.0,0.0,32.0,0.5
1.0,-0.00013841113832313567,335653,32.0,0.5,1.0,1.0,0.0,32.0,0.5
1.0,-2.271343873871956e-05,335653,32.0,0.5,1.0,1.0,0.0,32.0,0.5
1.0,-5.750657874159515e-05,335654,32.0,0.5,1.0,1.0,0.0,32.0,0.5
1.0,-7.657048990949988e-05,335654,32.0,0.5,1.0,1.0,0.0,32.0,0.5
1.0,-0.00013154577754903585,335655,32.0,0.5,1.0,1.0,0.0,32.0,0.5
1.0,-5.897523806197569e-06,335655,32.0,0.5,1.0,1.0,0.0,32.0,0.5
1.0,8.638051804155111e-05,335656,32.0,0.5,1.0,1.0,0.0,32.0,0.5
1.0,-4.396312579046935e-05,335656,32.0,0.5,1.0,1.0,0.0,32.0,0.5
1.0,5.27702686667908e-05,335657,32.0,0.5,1.0,1.0,0.0,32.0,0.5
1.0,5.807390698464587e-05,335657,32.0,0.5,1.0,1.0,0.0,32.0,0.5
1.0,7.191749318735674e-05,335658,32.0,0.5,1.0,1.0,0.0,32.0,0.5
1.0,-2.4431614292552695e-05,335658,32.0,0.5,1.0,1.0,0.0,32.0,0.5
1.0,-0.00010936000035144389,335659,32.0,0.5,1.0,1.0,0.0,32.0,0.5
1.0,9.133811545325443e-06,335659,32.0,0.5,1.0,1.0,0.0,32.0,0.5
1.0,5.5544307542731985e-05,335660,32.0,0.5,1.0,1.0,0.0,32.0,0.5
1.0,5.5615746532566845e-05,335660,32.0,0.5,1.0,1.0,0.0,32.0,0.5
1.0,-0.00014132302021607757,335661,32.0,0.5,1.0,1.0,0.0,32.0,0.5
1.0,-5.0899125199066475e-05,335661,32.0,0.5,1.0,1.0,0.0,32.0,0.5
1.0,8.333128062076867e-05,335662,32.0,0.5,1.0,1.0,0.0,32.0,0.5
1.0,1.5901123333605938e-05,335662,32.0,0.5,1.0,1.0,0.0,32.0,0.5
1.0,3.0128245271043852e-05,335663,32.0,0.5,1.0,1.0,0.0,32.0,0.5
1.0,-0.00015112708206288517,335663,32.0,0.5,1.0,1.0,0.0,32.0,0.5
1.0,5.581677032751031e-05,335664,32.0,0.5,1.0,1.0,0.0,32.0,0.5
1.0,9.397803660249338e-05,335664,32.0,0.5,1.0,1.0,0.0,32.0,0.5
1.0,6.411140930140391e-06,335665,32.0,0.5,1.0,1.0,0.0,32.0,0.5
1.0,-4.79236405226402e-05,335665,32.0,0.5,1.0,1.0,0.0,32.0,0.5
1.0,-0.0001781723985914141,335666,32.0,0.5,1.0,1.0,0.0,32.0,0.5
1.0,-0.00017488308367319405,335666,32.0,0.5,1.0,1.0,0.0,32.0,0.5
1.0,-6.469837535405532e-05,335667,32.0,0.5,1.0,1.0,0.0,32.0,0.5
1.0,-4.602767148753628e-05,335667,32.0,0.5,1.0,1.0,0.0,32.0,0.5
1.0,-0.00013393255358096212,335668,32.0,0.5,1.0,1.0,0.0,32.0,0.5
1.0,-8.203844481613487e-05,335668,32.0,0.5,1.0,1.0,0.0,32.0,0.5
1.0,2.4469682102790102e-05,335669,32.0,0.5,1.0,1.0,0.0,32.0,0.5
1.0,0.00019479577895253897,335669,32.0,0.5,1.0,1.0,0.0,32.0,0.5
1.0,1.4513312635244802e-05,335670,32.0,0.5,1.0,1.0,0.0,32.0,0.5
1.0,9.473488898947835e-05,335670,32.0,0.5,1.0,1.0,0.0,32.0,0.5
1.0,0.00010026203381130472,335671,32.0,0.5,1.0,1.0,0.0,32.0,0.5
1.0,5.005900311516598e-05,335671,32.0,0.5,1.0,1.0,0.0,32.0,0.5
1.0,0.00023337913444265723,335672,32.0,0.5,1.0,1.0,0.0,32.0,0.5
1.0,-0.00012537662405520678,335672,32.0,0.5,1.0,1.0,0.0,32.0,0.5
1.0,9.400659473612905e-05,335673,32.0,0.5,1.0,1.0,0.0,32.0,0.5
1.0,-1.3202552509028465e-06,335673,32.0,0.5,1.0,1.0,0.0,32.0,0.5
1.0,-0.00016917401808314025,335674,32.0,0.5,1.0,1.0,0.0,32.0,0.5
1.0,-7.647709935554303e-06,335674,32.0,0.5,1.0,1.0,0.0,32.0,0.5
1.0,8.940595580497757e-05,335675,32.0,0.5,1.0,1.0,0.0,32.0,0.5
1.0,3.0483897717203945e-06,335675,32.0,0.5,1.0,1.0,0.0,32.0,0.5
1.0,7.821254985174164e-05,335676,32.0,0.5,1.0,1.0,0.0,32.0,0.5
1.0,0.0001711063669063151,335676,32.0,0.5,1.0,1.0,0.0,32.0,0.5
1.0,-0.00010170610039494932,335677,32.0,0.5,1.0,1.0,0.0,32.0,0.5
1.0,6.973328709136695e-06,335677,32.0,0.5,1.0,1.0,0.0,32.0,0.5
1.0,4.430217813933268e-05,335678,32.0,0.5,1.0,1.0,0.0,32.0,0.5
1.0,-0.00013020960614085197,335678,32.0,0.5,1.0,1.0,0.0,32.0,0.5
1.0,1.5318863006541505e-05,335679,32.0,0.5,1.0,1.0,0.0,32.0,0.5
1.0,-2.9930000891909003e-05,335679,32.0,0.5,1.0,1.0,0.0,32.0,0.5
1.0,-1.0828880476765335e-06,335680,32.0,0.5,1.0,1.0,0.0,32.0,0.5
1.0,-0.00030611822148784995,335680,32.0,0.5,1.0,1.0,0.0,32.0,0.5
1.0,2.181328454753384e-06,335681,32.0,0.5,1.0,1.0,0.0,32.0,0.5
1.0,-6.58519784337841e-05,335681,32.0,0.5,1.0,1.0,0.0,32.0,0.5
1.0,-4.098363933735527e-05,335682,32.0,0.5,1.0,1.0,0.0,32.0,0.5
1.0,2.197633875766769e-05,335682,32.0,0.5,1.0,1.0,0.0,32.0,0.5
1.0,-9.494125697528943e-05,335683,32.0,0.5,1.0,1.0,0.0,32.0,0.5
1.0,2.565365139162168e-05,335683,32.0,0.5,1.0,1.0,0.0,32.0,0.5
1.0,-3.266320709371939e-05,335684,32.0,0.5,1.0,1.0,0.0,32.0,0.5
1.0,0.00011856618948513642,335684,32.0,0.5,1.0,1.0,0.0,32.0,0.5
1.0,-2.3835289539420046e-05,335685,32.0,0.5,1.0,1.0,0.0,32.0,0.5
1.0,0.00010980087972711772,335685,32.0,0.5,1.0,1.0,0.0,32.0,0.5
1.0,6.29395290161483e-05,335686,32.0,0.5,1.0,1.0,0.0,32.0,0.5
1.0,-0.00015039287973195314,335686,32.0,0.5,1.0,1.0,0.0,32.0,0.5
1.0,0.0001512333983555436,335687,32.0,0.5,1.0,1.0,0.0,32.0,0.5
1.0,-7.200176332844421e-05,335687,32.0,0.5,1.0,1.0,0.0,32.0,0.5
1.0,3.220418147975579e-05,335688,32.0,0.5,1.0,1.0,0.0,32.0,0.5
1.0,-7.00646560289897e-05,335688,32.0,0.5,1.0,1.0,0.0,32.0,0.5
1.0,0.0001507535926066339,335689,32.0,0.5,1.0,1.0,0.0,32.0,0.5
1.0,2.8912367270095274e-05,335689,32.0,0.5,1.0,1.0,0.0,32.0,0.5
1.0,-3.539971658028662e-07,335690,32.0,0.5,1.0,1.0,0.0,32.0,0.5
1.0,-0.0002053639618679881,335690,32.0,0.5,1.0,1.0,0.0,32.0,0.5
1.0,-4.270065255695954e-05,335691,32.0,0.5,1.0,1.0,0.0,32.0,0.5
1.0,-2.068526009679772e-05,335691,32.0,0.5,1.0,1.0,0.0,32.0,0.5
1.0,-9.129331010626629e-05,335692,32.0,0.5,1.0,1.0,0.0,32.0,0.5
1.0,7.813940464984626e-05,335692,32.0,0.5,1.0,1.0,0.0,32.0,0.5
1.0,-0.00010037687025032938,335693,32.0,0.5,1.0,1.0,0.0,32.0,0.5
1.0,-0.00012293799954932183,335693,32.0,0.5,1.0,1.0,0.0,32.0,0.5
1.0,5.0364840717520565e-05,335694,32.0,0.5,1.0,1.0,0.0,32.0,0.5
1.0,0.00020453523029573262,335694,32.0,0.5,1.0,1.0,0.0,32.0,0.5
1.0,6.163612852105871e-06,335695,32.0,0.5,1.0,1.0,0.0,32.0,0.5
1.0,1.4228295185603201e-05,335695,32.0,0.5,1.0,1.0,0.0,32.0,0.5
1.0,0.00017205573385581374,335696,32.0,0.5,1.0,1.0,0.0,32.0,0.5
1.0,-5.785794201074168e-05,335696,32.0,0.5,1.0,1.0,0.0,32.0,0.5
1.0,5.346595207811333e-05,335697,32.0,0.5,1.0,1.0,0.0,32.0,0.5
1.0,7.133159670047462e-05,335697,32.0,0.5,1.0,1.0,0.0,32.0,0.5
1.0,-0.00017516437219455838,335698,32.0,0.5,1.0,1.0,0.0,32.0,0.5
1.0,0.0002722227363847196,335698,32.0,0.5,1.0,1.0,0.0,32.0,0.5
1.0,4.4642005377681926e-05,335699,32.0,0.5,1.0,1.0,0.0,32.0,0.5
1.0,0.00014055432984605432,335699,32.0,0.5,1.0,1.0,0.0,32.0,0.5
1.0,-7.75596490711905e-05,335700,32.0,0.5,1.0,1.0,0.0,32.0,0.5
1.0,0.000276939885225147,335700,32.0,0.5,1.0,1.0,0.0,32.0,0.5
1.0,9.71497647697106e-05,335701,32.0,0.5,1.0,1.0,0.0,32.0,0.5
1.0,-2.8948204999323934e-05,335701,32.0,0.5,1.0,1.0,0.0,32.0,0.5
1.0,-6.0132137150503695e-05,335702,32.0,0.5,1.0,1.0,0.0,32.0,0.5
1.0,-0.00010730249050538987,335702,32.0,0.5,1.0,1.0,0.0,32.0,0.5
1.0,0.00010355771519243717,335703,32.0,0.5,1.0,1.0,0.0,32.0,0.5
1.0,6.718430086039007e-06,335703,32.0,0.5,1.0,1.0,0.0,32.0,0.5
1.0,-7.703849405515939e-05,335704,32.0,0.5,1.0,1.0,0.0,32.0,0.5
1.0,-0.000122224519145675,335704,32.0,0.5,1.0,1.0,0.0,32.0,0.5
1.0,4.643343709176406e-05,335705,32.0,0.5,1.0,1.0,0.0,32.0,0.5
1.0,0.00015078943397384137,335705,32.0,0.5,1.0,1.0,0.0,32.0,0.5
1.0,-0.00017627511988393962,335706,32.0,0.5,1.0,1.0,0.0,32.0,0.5
1.0,-0.00011932714551221579,335706,32.0,0.5,1.0,1.0,0.0,32.0,0.5
1.0,2.9643742891494185e-05,335707,32.0,0.5,1.0,1.0,0.0,32.0,0.5
1.0,1.9031474948860705e-05,335707,32.0,0.5,1.0,1.0,0.0,32.0,0.5
1.0,-9.830562339629978e-05,335708,32.0,0.5,1.0,1.0,0.0,32.0,0.5
1.0,-0.00017112055502366275,335708,32.0,0.5,1.0,1.0,0.0,32.0,0.5
1.0,-4.005715163657442e-05,335709,32.0,0.5,1.0,1.0,0.0,32.0,0.5
1.0,-1.927700031956192e-05,335709,32.0,0.5,1.0,1.0,0.0,32.0,0.5
1.0,-9.88074389169924e-05,335710,32.0,0.5,1.0,1.0,0.0,32.0,0.5
1.0,6.827859033364803e-05,335710,32.0,0.5,1.0,1.0,0.0,32.0,0.5
1.0,0.00024975943961180747,335711,32.0,0.5,1.0,1.0,0.0,32.0,0.5
1.0,0.00016669707838445902,335711,32.0,0.5,1.0,1.0,0.0,32.0,0.5
1.0,-9.04557527974248e-05,335712,32.0,0.5,1.0,1.0,0.0,32.0,0.5
1.0,5.415939085651189e-05,335712,32.0,0.5,1.0,1.0,0.0,32.0,0.5
1.0,0.0001344874908681959,335713,32.0,0.5,1.0,1.0,0.0,32.0,0.5
1.0,-5.351063737180084e-05,335713,32.0,0.5,1.0,1.0,0.0,32.0,0.5
1.0,-2.63650254055392e-05,335714,32.0,0.5,1.0,1.0,0.0,32.0,0.5
1.0,6.690173177048564e-05,335714,32.0,0.5,1.0,1.0,0.0,32.0,0.5
1.0,-0.0001676528772804886,335715,32.0,0.5,1.0,1.0,0.0,32.0,0.5
1.0,0.00012286138371564448,335715,32.0,0.5,1.0,1.0,0.0,32.0,0.5
1.0,7.148133590817451e-05,335716,32.0,0.5,1.0,1.0,0.0,32.0,0.5
1.0,0.00025309534976258874,335716,32.0,0.5,1.0,1.0,0.0,32.0,0.5
1.0,1.4889126759953797e-05,335717,32.0,0.5,1.0,1.0,0.0,32.0,0.5
1.0,-0.00019111752044409513,335717,32.0,0.5,1.0,1.0,0.0,32.0,0.5
1.0,0.0001068545097950846,335718,32.0,0.5,1.0,1.0,0.0,32.0,0.5
1.0,3.119066604995169e-05,335718,32.0,0.5,1.0,1.0,0.0,32.0,0.5
1.0,-8.745942614041269e-05,335719,32.0,0.5,1.0,1.0,0.0,32.0,0.5
1.0,-6.278842192841694e-05,335719,32.0,0.5,1.0,1.0,0.0,32.0,0.5
1.0,1.4312150597106665e-05,335720,32.0,0.5,1.0,1.0,0.0,32.0,0.5
1.0,3.376475797267631e-05,335720,32.0,0.5,1.0,1.0,0.0,32.0,0.5
1.0,-0.0001178085949504748,335721,32.0,0.5,1.0,1.0,0.0,32.0,0.5
1.0,3.147913230350241e-05,335721,32.0,0.5,1.0,1.0,0.0,32.0,0.5
1.0,-0.000151104322867468,335722,32.0,0.5,1.0,1.0,0.0,32.0,0.5
1.0,-5.1679249736480415e-05,335722,32.0,0.5,1.0,1.0,0.0,32.0,0.5
1.0,0.00011480312969069928,335723,32.0,0.5,1.0,1.0,0.0,32.0,0.5
1.0,-0.00015759089728817344,335723,32.0,0.5,1.0,1.0,0.0,32.0,0.5
1.0,-7.302864105440676e-05,335724,32.0,0.5,1.0,1.0,0.0,32.0,0.5
1.0,-1.462277396058198e-05,335724,32.0,0.5,1.0,1.0,0.0,32.0,0.5
1.0,-3.523271152516827e-05,335725,32.0,0.5,1.0,1.0,0.0,32.0,0.5
1.0,7.825830107321963e-05,335725,32.0,0.5,1.0,1.0,0.0,32.0,0.5
1.0,-1.6043675714172423e-05,335726,32.0,0.5,1.0,1.0,0.0,32.0,0.5
1.0,-1.4163815649226308e-06,335726,32.0,0.5,1.0,1.0,0.0,32.0,0.5
1.0,-0.00025211164029315114,335727,32.0,0.5,1.0,1.0,0.0,32.0,0.5
1.0,-3.5807319363811985e-05,335727,32.0,0.5,1.0,1.0,0.0,32.0,0.5
1.0,-0.00010293971718056127,335728,32.0,0.5,1.0,1.0,0.0,32.0,0.5
1.0,9.234291064785793e-05,335728,32.0,0.5,1.0,1.0,0.0,32.0,0.5
1.0,-2.801633127091918e-05,335729,32.0,0.5,1.0,1.0,0.0,32.0,0.5
1.0,-0.0001692968507995829,335729,32.0,0.5,1.0,1.0,0.0,32.0,0.5
1.0,-2.150183718185872e-05,335730,32.0,0.5,1.0,1.0,0.0,32.0,0.5
1.0,4.761972377309576e-05,335730,32.0,0.5,1.0,1.0,0.0,32.0,0.5
1.0,-3.7217636418063194e-05,335731,32.0,0.5,1.0,1.0,0.0,32.0,0.5
1.0,4.4839162001153454e-05,335731,32.0,0.5,1.0,1.0,0.0,32.0,0.5
1.0,-6.622357614105567e-05,335732,32.0,0.5,1.0,1.0,0.0,32.0,0.5
1.0,-5.2942385082133114e-05,335732,32.0,0.5,1.0,1.0,0.0,32.0,0.5
1.0,5.9055848396383226e-05,335733,32.0,0.5,1.0,1.0,0.0,32.0,0.5
1.0,2.139792195521295e-05,335733,32.0,0.5,1.0,1.0,0.0,32.0,0.5
1.0,-1.853312278399244e-05,335734,32.0,0.5,1.0,1.0,0.0,32.0,0.5
1.0,-9.59094541030936e-06,335734,32.0,0.5,1.0,1.0,0.0,32.0,0.5
1.0,-5.4249714594334364e-05,335735,32.0,0.5,1.0,1.0,0.0,32.0,0.5
1.0,-0.00013944563397672027,335735,32.0,0.5,1.0,1.0,0.0,32.0,0.5
1.0,0.00019501123460941017,335736,32.0,0.5,1.0,1.0,0.0,32.0,0.5
1.0,1.2254728062544018e-05,335736,32.0,0.5,1.0,1.0,0.0,32.0,0.5
1.0,-4.50666448159609e-05,335737,32.0,0.5,1.0,1.0,0.0,32.0,0.5
1.0,4.191137122688815e-05,335737,32.0,0.5,1.0,1.0,0.0,32.0,0.5
1.0,-7.123589602997527e-05,335738,32.0,0.5,1.0,1.0,0.0,32.0,0.5
1.0,-9.00305894901976e-06,335738,32.0,0.5,1.0,1.0,0.0,32.0,0.5
1.0,6.169277185108513e-05,335739,32.0,0.5,1.0,1.0,0.0,32.0,0.5
1.0,-0.00026751699624583125,335739,32.0,0.5,1.0,1.0,0.0,32.0,0.5
1.0,-1.632553176023066e-05,335740,32.0,0.5,1.0,1.0,0.0,32.0,0.5
1.0,-3.5906865377910435e-05,335740,32.0,0.5,1.0,1.0,0.0,32.0,0.5
1.0,0.00020778505131602287,335741,32.0,0.5,1.0,1.0,0.0,32.0,0.5
1.0,3.7618247006321326e-05,335741,32.0,0.5,1.0,1.0,0.0,32.0,0.5
1.0,0.00010199609096162021,335742,32.0,0.5,1.0,1.0,0.0,32.0,0.5
1.0,-8.848933794070035e-05,335742,32.0,0.5,1.0,1.0,0.0,32.0,0.5
1.0,8.224713383242488e-06,335743,32.0,0.5,1.0,1.0,0.0,32.0,0.5
1.0,-2.3820080969017e-05,335743,32.0,0.5,1.0,1.0,0.0,32.0,0.5
1.0,3.299692616565153e-05,335744,32.0,0.5,1.0,1.0,0.0,32.0,0.5
1.0,1.5979687304934487e-05,335744,32.0,0.5,1.0,1.0,0.0,32.0,0.5
1.0,-6.14842792856507e-05,335745,32.0,0.5,1.0,1.0,0.0,32.0,0.5
1.0,2.0938623492838815e-05,335745,32.0,0.5,1.0,1.0,0.0,32.0,0.5
1.0,-0.00017105894221458584,335746,32.0,0.5,1.0,1.0,0.0,32.0,0.5
1.0,-9.512731776339933e-05,335746,32.0,0.5,1.0,1.0,0.0,32.0,0.5
1.0,0.00012700729712378234,335747,32.0,0.5,1.0,1.0,0.0,32.0,0.5
1.0,-0.00025281222769990563,335747,32.0,0.5,1.0,1.0,0.0,32.0,0.5
1.0,9.015123941935599e-05,335748,32.0,0.5,1.0,1.0,0.0,32.0,0.5
1.0,-5.570243229158223e-05,335748,32.0,0.5,1.0,1.0,0.0,32.0,0.5
1.0,6.91274763084948e-05,335749,32.0,0.5,1.0,1.0,0.0,32.0,0.5
1.0,-5.4654341511195526e-05,335749,32.0,0.5,1.0,1.0,0.0,32.0,0.5
1.0,3.292200563009828e-05,335750,32.0,0.5,1.0,1.0,0.0,32.0,0.5
1.0,0.0001375177234876901,335750,32.0,0.5,1.0,1.0,0.0,32.0,0.5
1.0,2.7862812203238718e-05,335751,32.0,0.5,1.0,1.0,0.0,32.0,0.5
1.0,-2.455688445479609e-05,335751,32.0,0.5,1.0,1.0,0.0,32.0,0.5
1.0,0.00011987142352154478,335752,32.0,0.5,1.0,1.0,0.0,32.0,0.5
1.0,0.00014561566058546305,335752,32.0,0.5,1.0,1.0,0.0,32.0,0.5
1.0,-0.00019226012227591127,335753,32.0,0.5,1.0,1.0,0.0,32.0,0.5
1.0,-7.303783786483109e-05,335753,32.0,0.5,1.0,1.0,0.0,32.0,0.5
1.0,4.796600842382759e-05,335754,32.0,0.5,1.0,1.0,0.0,32.0,0.5
1.0,5.4171818192116916e-05,335754,32.0,0.5,1.0,1.0,0.0,32.0,0.5
1.0,-2.530848178139422e-06,335755,32.0,0.5,1.0,1.0,0.0,32.0,0.5
1.0,-3.957059743697755e-05,335755,32.0,0.5,1.0,1.0,0.0,32.0,0.5
1.0,-0.00013944294187240303,335756,32.0,0.5,1.0,1.0,0.0,32.0,0.5
1.0,-0.00015491587691940367,335756,32.0,0.5,1.0,1.0,0.0,32.0,0.5
1.0,0.00012256168702151626,335757,32.0,0.5,1.0,1.0,0.0,32.0,0.5
1.0,5.251615948509425e-05,335757,32.0,0.5,1.0,1.0,0.0,32.0,0.5
1.0,0.00013862800551578403,335758,32.0,0.5,1.0,1.0,0.0,32.0,0.5
1.0,-6.959312304388732e-05,335758,32.0,0.5,1.0,1.0,0.0,32.0,0.5
1.0,0.00014350525452755392,335759,32.0,0.5,1.0,1.0,0.0,32.0,0.5
1.0,3.780538827413693e-05,335759,32.0,0.5,1.0,1.0,0.0,32.0,0.5
1.0,1.4267232472775504e-05,335760,32.0,0.5,1.0,1.0,0.0,32.0,0.5
1.0,-5.355100438464433e-05,335760,32.0,0.5,1.0,1.0,0.0,32.0,0.5
1.0,-0.0002051231567747891,335761,32.0,0.5,1.0,1.0,0.0,32.0,0.5
1.0,-0.00010941916843876243,335761,32.0,0.5,1.0,1.0,0.0,32.0,0.5
1.0,-0.0001354220148641616,335762,32.0,0.5,1.0,1.0,0.0,32.0,0.5
1.0,-6.684663094347343e-05,335762,32.0,0.5,1.0,1.0,0.0,32.0,0.5
1.0,5.1993814849993214e-05,335763,32.0,0.5,1.0,1.0,0.0,32.0,0.5
1.0,7.095599721651524e-05,335763,32.0,0.5,1.0,1.0,0.0,32.0,0.5
1.0,4.5483411668101326e-06,335764,32.0,0.5,1.0,1.0,0.0,32.0,0.5
1.0,0.00016511778812855482,335764,32.0,0.5,1.0,1.0,0.0,32.0,0.5
1.0,-7.175467908382416e-05,335765,32.0,0.5,1.0,1.0,0.0,32.0,0.5
1.0,-4.8779336793813854e-05,335765,32.0,0.5,1.0,1.0,0.0,32.0,0.5
1.0,8.12603539088741e-05,335766,32.0,0.5,1.0,1.0,0.0,32.0,0.5
1.0,0.00018859346164390445,335766,32.0,0.5,1.0,1.0,0.0,32.0,0.5
1.0,-7.349131919909269e-06,335767,32.0,0.5,1.0,1.0,0.0,32.0,0.5
1.0,0.00011557725520106032,335767,32.0,0.5,1.0,1.0,0.0,32.0,0.5
1.0,2.1545090930885635e-05,335768,32.0,0.5,1.0,1.0,0.0,32.0,0.5
1.0,-5.75976082473062e-05,335768,32.0,0.5,1.0,1.0,0.0,32.0,0.5
1.0,5.279454853734933e-05,335769,32.0,0.5,1.0,1.0,0.0,32.0,0.5
1.0,-7.199128594947979e-05,335769,32.0,0.5,1.0,1.0,0.0,32.0,0.5
1.0,-6.787422171328217e-05,335770,32.0,0.5,1.0,1.0,0.0,32.0,0.5
1.0,9.75680086412467e-06,335770,32.0,0.5,1.0,1.0,0.0,32.0,0.5
1.0,-5.1014409109484404e-05,335771,32.0,0.5,1.0,1.0,0.0,32.0,0.5
1.0,-3.223810199415311e-05,335771,32.0,0.5,1.0,1.0,0.0,32.0,0.5
1.0,-9.037108975462615e-05,335772,32.0,0.5,1.0,1.0,0.0,32.0,0.5
1.0,4.3249816371826455e-05,335772,32.0,0.5,1.0,1.0,0.0,32.0,0.5
1.0,4.716183684649877e-05,335773,32.0,0.5,1.0,1.0,0.0,32.0,0.5
1.0,-9.621633216738701e-05,335773,32.0,0.5,1.0,1.0,0.0,32.0,0.5
1.0,-7.838382589397952e-05,335774,32.0,0.5,1.0,1.0,0.0,32.0,0.5
1.0,-4.04229576815851e-05,335774,32.0,0.5,1.0,1.0,0.0,32.0,0.5
1.0,0.00012362314737401903,335775,32.0,0.5,1.0,1.0,0.0,32.0,0.5
1.0,-0.0001435320300515741,335775,32.0,0.5,1.0,1.0,0.0,32.0,0.5
1.0,4.166858343523927e-05,335776,32.0,0.5,1.0,1.0,0.0,32.0,0.5
1.0,-4.0885577618610114e-05,335776,32.0,0.5,1.0,1.0,0.0,32.0,0.5
1.0,-0.00010055283200927079,335777,32.0,0.5,1.0,1.0,0.0,32.0,0.5
1.0,-0.00015140500909183174,335777,32.0,0.5,1.0,1.0,0.0,32.0,0.5
1.0,0.00023983107530511916,335778,32.0,0.5,1.0,1.0,0.0,32.0,0.5
1.0,7.27242004359141e-05,335778,32.0,0.5,1.0,1.0,0.0,32.0,0.5
1.0,4.488831473281607e-05,335779,32.0,0.5,1.0,1.0,0.0,32.0,0.5
1.0,-3.490003655315377e-05,335779,32.0,0.5,1.0,1.0,0.0,32.0,0.5
1.0,0.0001287237973883748,335780,32.0,0.5,1.0,1.0,0.0,32.0,0.5
1.0,0.00013986174599267542,335780,32.0,0.5,1.0,1.0,0.0,32.0,0.5
1.0,4.047547554364428e-05,335781,32.0,0.5,1.0,1.0,0.0,32.0,0.5
1.0,0.00013733486412093043,335781,32.0,0.5,1.0,1.0,0.0,32.0,0.5
1.0,-4.508614438236691e-05,335782,32.0,0.5,1.0,1.0,0.0,32.0,0.5
1.0,-1.8510545487515628e-06,335782,32.0,0.5,1.0,1.0,0.0,32.0,0.5
1.0,7.197199738584459e-05,335783,32.0,0.5,1.0,1.0,0.0,32.0,0.5
1.0,-8.118020195979625e-05,335783,32.0,0.5,1.0,1.0,0.0,32.0,0.5
1.0,6.238589412532747e-05,335784,32.0,0.5,1.0,1.0,0.0,32.0,0.5
1.0,-2.5471455955994315e-05,335784,32.0,0.5,1.0,1.0,0.0,32.0,0.5
1.0,0.00012678414350375533,335785,32.0,0.5,1.0,1.0,0.0,32.0,0.5
1.0,1.6254183719865978e-05,335785,32.0,0.5,1.0,1.0,0.0,32.0,0.5
1.0,-0.00012349666212685406,335786,32.0,0.5,1.0,1.0,0.0,32.0,0.5
1.0,6.0486443544505164e-05,335786,32.0,0.5,1.0,1.0,0.0,32.0,0.5
1.0,8.593384700361639e-05,335787,32.0,0.5,1.0,1.0,0.0,32.0,0.5
1.0,-4.331241871113889e-05,335787,32.0,0.5,1.0,1.0,0.0,32.0,0.5
1.0,4.333026663516648e-05,335788,32.0,0.5,1.0,1.0,0.0,32.0,0.5
1.0,-0.00011039436503779143,335788,32.0,0.5,1.0,1.0,0.0,32.0,0.5
1.0,3.5390094126341864e-05,335789,32.0,0.5,1.0,1.0,0.0,32.0,0.5
1.0,9.276362106902525e-05,335789,32.0,0.5,1.0,1.0,0.0,32.0,0.5
